collect_time,duid,name,sex,age,height,weight,accelerationx,accelerationy,accelerationz,temperature,humidity,lightsensor,pad_value
2020-11-23 12:03:37,8800000000000,홍길동,male,19,185,78,-0.043,-0.082,0.988,32.337,20.174,634.88,"[0, 0, 1, 0, 0, 3, 0, 1, 0, 3, 0, 0, 3, 0, 1, 0, 5, 1, 3, 9, 0, 2, 0, 2, 0, 2, 2, 0, 5, 8, 3, 0, 0, 1, 4, 0, 0, 4, 0, 0, 0, 0, 4, 0, 4, 2, 5, 1, 11, 4, 0, 0, 0, 0, 0, 0, 0, 7, 0, 5, 0, 0, 2, 0, 0, 0, 0, 1, 0, 0, 0, 0, 0, 0, 0, 10, 0, 0, 0, 4, 0, 0, 2, 0, 0, 0, 0, 0, 5, 1, 0, 0, 2, 2, 0, 0, 0, 6, 0, 0, 0, 1, 0, 3, 0, 0, 6, 0, 10, 4, 2, 2, 8, 1, 2, 5, 7, 0, 0, 14, 0, 0, 0, 0, 0, 1, 2, 0, 1, 0, 0, 0, 0, 0, 0, 7, 0, 0, 1, 1, 0, 0, 3, 0, 0, 0, 0, 0, 0, 0, 0, 0, 0, 0, 2, 1, 6, 4, 0, 0]"
2020-11-23 12:03:39,8800000000000,홍길동,male,19,185,78,-0.043,-0.081,0.988,32.321,20.151,593.92,"[0, 0, 0, 0, 0, 0, 0, 3, 0, 0, 0, 0, 0, 0, 0, 6, 0, 0, 5, 8, 0, 2, 6, 0, 0, 5, 0, 0, 0, 8, 0, 0, 0, 0, 2, 2, 6, 4, 3, 0, 2, 0, 6, 2, 2, 0, 5, 0, 0, 0, 1, 0, 6, 0, 0, 0, 2, 0, 0, 13, 4, 0, 2, 1, 7, 0, 0, 12, 0, 0, 0, 0, 1, 0, 0, 0, 5, 4, 0, 0, 0, 0, 0, 0, 0, 0, 0, 0, 0, 0, 0, 0, 0, 0, 0, 2, 0, 0, 0, 0, 0, 0, 3, 0, 8, 3, 0, 7, 0, 0, 1, 0, 4, 2, 0, 0, 0, 0, 4, 2, 2, 2, 3, 0, 4, 17, 0, 0, 0, 0, 0, 1, 4, 2, 3, 2, 0, 1, 7, 0, 0, 0, 0, 2, 0, 0, 8, 0, 0, 2, 0, 0, 0, 0, 0, 0, 0, 0, 10, 0]"
2020-11-23 12:03:40,8800000000000,홍길동,male,19,185,78,-0.043,-0.082,0.988,32.337,20.117,634.88,"[48, 0, 0, 0, 0, 2, 0, 0, 7, 0, 0, 0, 0, 0, 0, 0, 1, 2, 0, 0, 438, 0, 0, 0, 0, 0, 0, 0, 0, 0, 0, 0, 2, 0, 0, 0, 0, 0, 7, 0, 0, 0, 1, 0, 0, 0, 0, 3, 0, 0, 0, 4, 5, 1, 0, 0, 7, 8, 8, 17, 1, 2, 0, 2, 2, 6, 0, 0, 3, 0, 0, 0, 1, 0, 0, 0, 10, 0, 7, 0, 0, 0, 0, 1, 4, 0, 4, 5, 0, 9, 0, 0, 1, 0, 0, 0, 0, 0, 0, 0, 0, 0, 0, 0, 0, 0, 0, 0, 0, 3, 0, 0, 0, 0, 0, 1, 0, 7, 0, 0, 4, 0, 4, 1, 3, 0, 2, 0, 0, 0, 0, 0, 0, 1, 0, 0, 2, 0, 0, 0, 0, 0, 0, 0, 2, 10, 0, 11, 4, 0, 1, 1, 1, 0, 0, 1, 0, 0, 2, 0]"
2020-11-23 12:03:42,8800000000000,홍길동,male,19,185,78,-0.043,-0.082,0.988,32.356,20.102,634.88,"[2, 2, 0, 2, 0, 0, 7, 3, 0, 0, 0, 0, 0, 0, 3, 0, 0, 8, 1, 0, 0, 0, 0, 0, 0, 1, 0, 0, 1, 1, 218, 0, 0, 0, 0, 0, 0, 0, 0, 0, 0, 0, 0, 0, 0, 0, 0, 6, 0, 0, 0, 0, 2, 0, 0, 0, 1, 0, 13, 4, 0, 2, 6, 0, 2, 0, 0, 0, 0, 4, 1, 2, 1, 3, 0, 3, 4, 0, 0, 0, 0, 0, 0, 0, 0, 6, 0, 8, 0, 0, 0, 0, 0, 1, 2, 0, 0, 11, 0, 0, 0, 0, 1, 0, 0, 0, 0, 0, 0, 0, 0, 0, 0, 0, 0, 0, 0, 4, 0, 0, 0, 0, 0, 0, 3, 2, 0, 0, 0, 2, 0, 0, 0, 0, 2, 0, 0, 1, 0, 0, 0, 1, 0, 0, 2, 4, 1, 0, 0, 3, 0, 1, 0, 1, 6, 5, 0, 0, 2, 15]"
2020-11-23 12:03:43,8800000000000,홍길동,male,19,185,78,-0.042,-0.081,0.988,32.404,20.041,593.92,"[0, 0, 0, 1, 0, 8, 1, 9, 2, 8, 1, 1, 0, 2, 2, 5, 4, 0, 5, 0, 1, 0, 2, 2, 0, 5, 0, 4, 0, 10, 0, 0, 2, 0, 0, 0, 6, 0, 2, 2, 0, 1, 0, 0, 0, 3, 0, 3, 0, 0, 0, 0, 0, 0, 0, 6, 0, 0, 9, 4, 0, 0, 0, 0, 0, 0, 0, 4, 0, 0, 0, 0, 2, 0, 0, 0, 0, 6, 0, 0, 0, 1, 0, 3, 2, 0, 0, 0, 4, 3, 1, 1, 1, 2, 1, 6, 0, 0, 5, 0, 0, 0, 0, 2, 4, 0, 7, 6, 0, 0, 5, 0, 0, 2, 4, 0, 0, 7, 0, 0, 1, 0, 1, 0, 0, 3, 5, 0, 4, 0, 0, 0, 2, 0, 0, 0, 0, 0, 0, 0, 0, 0, 0, 0, 0, 0, 0, 1, 0, 0, 0, 0, 0, 0, 5, 0, 5, 7, 3, 0]"
2020-11-23 12:03:45,8800000000000,홍길동,male,19,185,78,-0.042,-0.081,0.988,32.422,19.992,614.4,"[0, 0, 0, 0, 4, 3, 2, 1, 0, 0, 0, 0, 5, 0, 0, 0, 4, 9, 4, 9, 0, 0, 0, 2, 6, 2, 0, 3, 0, 0, 2, 4, 0, 1, 0, 4, 0, 11, 8, 2, 0, 2, 6, 0, 1, 0, 15, 2, 2, 0, 0, 0, 2, 0, 0, 0, 0, 0, 0, 1, 0, 0, 2, 0, 0, 0, 0, 0, 2, 0, 0, 0, 0, 0, 0, 0, 2, 0, 0, 0, 0, 0, 6, 0, 0, 4, 3, 0, 4, 0, 0, 0, 0, 0, 0, 0, 0, 5, 0, 2, 0, 1, 0, 2, 1, 0, 0, 2, 5, 2, 3, 2, 6, 3, 0, 4, 6, 2, 0, 2, 1, 0, 0, 3, 4, 0, 3, 0, 0, 0, 0, 0, 0, 0, 1, 2, 0, 8, 6, 0, 0, 0, 0, 0, 0, 0, 0, 0, 0, 0, 0, 0, 0, 0, 0, 0, 0, 1, 0, 1]"
2020-11-23 12:03:46,8800000000000,홍길동,male,19,185,78,-0.041,-0.08,0.972,32.425,19.946,634.88,"[0, 0, 0, 0, 0, 0, 0, 0, 2, 0, 0, 0, 0, 0, 2, 0, 0, 6, 2, 0, 0, 0, 0, 0, 4, 0, 0, 2, 2, 1, 0, 0, 0, 0, 2, 0, 0, 0, 0, 0, 0, 0, 3, 2, 1, 0, 0, 4, 1, 0, 1, 0, 2, 1, 8, 3, 0, 11, 5, 0, 1, 1, 6, 0, 0, 2, 2, 0, 0, 0, 0, 0, 0, 0, 0, 0, 0, 4, 0, 3, 0, 0, 2, 0, 2, 6, 0, 0, 0, 0, 0, 0, 0, 0, 0, 0, 0, 0, 5, 0, 0, 0, 3, 0, 0, 0, 1, 6, 0, 0, 0, 0, 3, 0, 0, 0, 4, 7, 0, 5, 0, 0, 1, 1, 1, 2, 0, 4, 1, 0, 1, 1, 0, 1, 5, 3, 0, 8, 0, 1, 0, 3, 1, 0, 2, 5, 13, 0, 0, 13, 0, 0, 2, 0, 0, 7, 5, 0, 0, 0]"
2020-11-23 12:03:48,8800000000000,홍길동,male,19,185,78,-0.042,-0.081,0.988,32.441,19.856,614.4,"[1, 0, 0, 0, 0, 2, 1, 3, 0, 0, 0, 2, 0, 0, 0, 0, 3, 0, 4, 4, 0, 0, 0, 0, 0, 0, 0, 0, 0, 0, 0, 0, 0, 0, 0, 0, 0, 1, 0, 0, 0, 0, 0, 0, 1, 0, 0, 0, 4, 2, 0, 0, 0, 0, 0, 0, 9, 7, 11, 4, 1, 3, 0, 0, 1, 1, 2, 5, 0, 12, 0, 0, 1, 1, 0, 5, 0, 0, 0, 6, 0, 0, 2, 0, 4, 0, 10, 0, 0, 0, 0, 0, 0, 0, 0, 0, 1, 0, 1, 1, 0, 0, 0, 0, 0, 5, 0, 6, 2, 0, 0, 0, 0, 0, 0, 0, 0, 2, 0, 2, 0, 0, 0, 1, 3, 0, 6, 0, 3, 4, 0, 0, 2, 0, 3, 0, 0, 0, 0, 0, 0, 0, 2, 2, 1, 3, 0, 5, 0, 1, 1, 2, 3, 1, 5, 0, 0, 4, 3, 3]"
2020-11-23 12:03:49,8800000000000,홍길동,male,19,185,78,-0.042,-0.082,0.988,32.438,19.739,614.4,"[1, 1, 4, 3, 1, 0, 6, 0, 2, 0, 0, 0, 0, 0, 0, 9, 0, 6, 3, 2, 0, 0, 0, 0, 8, 3, 0, 0, 7, 0, 0, 0, 0, 1, 2, 0, 3, 0, 7, 0, 0, 0, 0, 0, 2, 0, 0, 0, 0, 5, 0, 0, 0, 0, 0, 3, 2, 5, 0, 7, 0, 0, 0, 0, 0, 4, 4, 0, 3, 1, 0, 1, 0, 0, 1, 0, 0, 4, 5, 4, 0, 1, 0, 1, 3, 0, 0, 7, 0, 4, 0, 1, 4, 1, 4, 3, 0, 3, 0, 2, 0, 0, 7, 3, 0, 12, 3, 2, 3, 8, 0, 0, 0, 1, 0, 6, 0, 0, 0, 0, 0, 0, 0, 0, 0, 0, 3, 0, 0, 0, 0, 0, 0, 0, 0, 0, 3, 0, 0, 0, 0, 0, 1, 0, 0, 0, 0, 3, 4, 0, 0, 0, 0, 4, 5, 0, 0, 0, 0, 6]"
2020-11-23 12:03:51,8800000000000,홍길동,male,19,185,78,-0.042,-0.081,0.988,32.508,19.713,593.92,"[0, 0, 0, 0, 2, 8, 0, 5, 4, 8, 7, 0, 0, 2, 0, 0, 4, 3, 8, 3, 4, 2, 3, 2, 0, 3, 0, 9, 9, 0, 0, 1, 5, 2, 0, 0, 2, 9, 0, 2, 2, 0, 0, 0, 5, 0, 0, 4, 2, 0, 0, 0, 0, 0, 2, 0, 0, 0, 0, 0, 0, 0, 0, 0, 0, 2, 0, 0, 5, 0, 0, 0, 0, 0, 0, 0, 8, 3, 3, 1, 0, 0, 4, 0, 2, 0, 0, 0, 0, 0, 0, 0, 2, 0, 5, 0, 5, 0, 4, 3, 0, 3, 0, 1, 3, 10, 0, 12, 0, 4, 2, 3, 3, 0, 0, 5, 1, 0, 0, 12, 0, 2, 0, 0, 0, 6, 0, 0, 6, 8, 0, 0, 0, 0, 0, 0, 0, 9, 0, 1, 0, 0, 0, 0, 0, 0, 0, 2, 0, 2, 0, 0, 0, 0, 0, 1, 0, 5, 2, 0]"
2020-11-23 12:03:53,8800000000000,홍길동,male,19,185,78,-0.042,-0.082,0.988,32.532,19.72,593.92,"[0, 0, 0, 0, 0, 0, 1, 0, 0, 0, 0, 0, 0, 0, 0, 0, 3, 0, 0, 0, 0, 0, 5, 0, 5, 0, 0, 0, 0, 0, 527, 0, 0, 0, 0, 0, 4, 5, 4, 4, 0, 2, 0, 2, 0, 14, 8, 0, 0, 3, 0, 1, 6, 5, 1, 1, 0, 4, 3, 0, 0, 0, 0, 0, 0, 2, 0, 2, 0, 8, 0, 0, 0, 0, 0, 0, 0, 0, 0, 0, 0, 0, 0, 1, 2, 3, 0, 0, 6, 0, 0, 0, 0, 0, 0, 0, 3, 0, 1, 1, 0, 0, 3, 0, 0, 0, 0, 0, 1, 0, 1, 0, 2, 2, 0, 4, 0, 0, 0, 10, 1, 1, 0, 0, 0, 0, 4, 16, 4, 0, 0, 0, 3, 1, 0, 0, 0, 8, 0, 1, 0, 0, 0, 0, 0, 0, 0, 0, 4, 3, 0, 0, 0, 1, 0, 0, 3, 0, 0, 2]"
2020-11-23 12:03:55,8800000000000,홍길동,male,19,185,78,-0.042,-0.081,0.988,32.567,19.778,573.44,"[0, 0, 2, 0, 0, 0, 0, 0, 0, 0, 0, 0, 0, 0, 0, 0, 0, 0, 0, 0, 0, 0, 0, 0, 0, 5, 3, 0, 0, 1, 0, 0, 0, 0, 5, 0, 0, 0, 12, 3, 0, 0, 4, 1, 2, 1, 3, 5, 2, 0, 0, 0, 0, 2, 0, 5, 0, 0, 0, 0, 1, 0, 2, 1, 2, 0, 8, 3, 0, 2, 0, 1, 7, 1, 2, 0, 0, 0, 6, 0, 0, 0, 1, 1, 3, 3, 0, 0, 0, 1, 0, 0, 2, 0, 0, 0, 2, 0, 11, 0, 0, 0, 0, 0, 3, 0, 6, 0, 0, 4, 0, 0, 0, 1, 0, 0, 0, 1, 2, 8, 0, 1, 0, 1, 0, 3, 0, 0, 0, 0, 0, 0, 0, 3, 0, 1, 0, 3, 4, 14, 0, 1, 0, 1, 4, 2, 2, 9, 0, 0, 0, 0, 8, 3, 0, 10, 7, 0, 0, 0]"
2020-11-23 12:46:02,8800000000000,홍길동,male,19,185,78,-0.041,-0.076,0.972,40.666,10.663,655.36,"[5, 1, 4, 0, 0, 0, 0, 0, 0, 3, 0, 2, 8, 2, 0, 1, 0, 1, 0, 0, 0, 0, 2, 0, 0, 0, 0, 0, 0, 0, 0, 0, 0, 0, 0, 0, 0, 0, 0, 0, 0, 0, 0, 0, 0, 0, 0, 0, 0, 0, 0, 0, 0, 0, 5, 0, 1, 4, 0, 6, 1, 1, 2, 0, 0, 0, 0, 0, 0, 0, 2, 0, 8, 0, 5, 0, 0, 3, 15, 5, 1, 2, 5, 3, 11, 0, 5, 5, 0, 4, 2, 0, 0, 1, 0, 2, 0, 13, 0, 0, 0, 0, 5, 0, 0, 0, 0, 0, 0, 0, 0, 0, 0, 0, 0, 0, 0, 0, 0, 544, 0, 0, 0, 0, 4, 0, 7, 0, 4, 0, 0, 0, 4, 0, 0, 4, 0, 0, 8, 5, 0, 0, 0, 0, 2, 0, 0, 15, 2, 0, 0, 3, 0, 2, 5, 2, 0, 1, 0, 0]"
2020-11-23 12:46:05,8800000000000,홍길동,male,19,185,78,-0.041,-0.077,0.972,40.596,10.379,634.88,"[0, 0, 1, 0, 6, 0, 0, 9, 0, 0, 1, 1, 3, 3, 5, 3, 0, 11, 0, 5, 1, 1, 5, 2, 0, 0, 6, 0, 11, 0, 4, 0, 0, 0, 0, 0, 0, 0, 9, 14, 0, 0, 0, 0, 1, 0, 0, 3, 0, 0, 0, 0, 4, 0, 0, 0, 0, 0, 0, 0, 0, 0, 0, 1, 2, 0, 11, 0, 8, 0, 2, 0, 1, 0, 0, 2, 0, 8, 0, 0, 0, 0, 0, 0, 0, 0, 5, 4, 1, 7, 6, 1, 7, 0, 5, 7, 18, 7, 1, 1, 0, 0, 3, 2, 3, 9, 2, 0, 0, 12, 0, 0, 4, 0, 3, 0, 4, 5, 0, 555, 0, 0, 0, 0, 0, 0, 0, 0, 12, 0, 0, 0, 6, 0, 0, 11, 0, 4, 0, 6, 0, 0, 4, 0, 0, 4, 0, 0, 6, 3, 0, 1, 4, 0, 0, 1, 1, 0, 1, 0]"
2020-11-23 12:46:05,8800000000000,홍길동,male,19,185,78,-0.04,-0.076,0.972,40.529,10.172,634.88,"[0, 0, 4, 0, 0, 13, 0, 0, 0, 0, 2, 0, 0, 0, 0, 0, 2, 5, 2, 5, 3, 1, 2, 1, 6, 3, 0, 6, 2, 3, 8, 1, 3, 1, 2, 0, 0, 0, 13, 7, 0, 0, 5, 0, 0, 0, 0, 0, 0, 8, 2, 0, 2, 0, 0, 0, 8, 3, 0, 0, 0, 0, 0, 0, 0, 0, 0, 11, 15, 0, 0, 0, 0, 0, 8, 0, 0, 0, 6, 0, 0, 0, 0, 0, 0, 0, 5, 5, 13, 0, 3, 0, 1, 2, 1, 3, 10, 8, 2, 0, 0, 2, 0, 3, 15, 10, 8, 0, 7, 7, 0, 3, 0, 2, 1, 7, 7, 0, 8, 532, 0, 0, 8, 0, 4, 0, 8, 0, 1, 3, 0, 0, 0, 1, 0, 0, 1, 0, 0, 0, 0, 0, 4, 0, 5, 0, 5, 0, 0, 0, 0, 0, 0, 0, 0, 5, 0, 0, 0, 0]"
2020-11-23 12:46:07,8800000000000,홍길동,male,19,185,78,-0.041,-0.076,0.972,40.369,10.046,655.36,"[83, 0, 0, 0, 0, 0, 0, 6, 0, 0, 0, 0, 3, 0, 6, 0, 0, 0, 0, 0, 0, 0, 0, 0, 6, 1, 0, 0, 0, 8, 151, 2, 0, 3, 4, 0, 2, 0, 0, 0, 0, 2, 0, 2, 0, 14, 4, 0, 1, 3, 0, 0, 0, 1, 0, 4, 0, 0, 0, 5, 0, 0, 0, 0, 0, 0, 0, 4, 6, 0, 0, 1, 0, 0, 0, 0, 0, 0, 2, 0, 0, 0, 0, 0, 0, 6, 0, 0, 20, 4, 0, 0, 3, 0, 0, 9, 0, 0, 0, 7, 0, 0, 3, 0, 2, 6, 0, 12, 0, 0, 0, 2, 0, 0, 3, 0, 6, 0, 0, 524, 2, 1, 0, 2, 11, 0, 0, 7, 0, 8, 2, 0, 0, 0, 0, 0, 16, 0, 5, 0, 0, 0, 0, 0, 0, 2, 0, 2, 0, 0, 0, 0, 7, 0, 0, 4, 7, 0, 0, 0]"
2020-11-23 12:46:08,8800000000000,홍길동,male,19,185,78,-0.041,-0.076,0.972,40.366,10.001,634.88,"[0, 0, 6, 0, 3, 0, 0, 0, 0, 2, 0, 0, 0, 0, 0, 0, 0, 0, 0, 0, 187, 0, 0, 0, 0, 0, 1, 0, 0, 4, 0, 0, 0, 0, 7, 2, 0, 1, 0, 0, 0, 0, 0, 0, 6, 0, 9, 0, 13, 8, 2, 2, 0, 0, 0, 0, 11, 14, 0, 10, 2, 1, 0, 0, 0, 7, 2, 0, 0, 3, 0, 0, 6, 0, 4, 0, 0, 0, 0, 0, 0, 0, 10, 0, 0, 0, 0, 0, 0, 0, 0, 0, 1, 0, 0, 0, 0, 7, 6, 0, 0, 0, 2, 0, 0, 2, 0, 0, 0, 0, 0, 2, 0, 0, 7, 0, 6, 0, 10, 516, 0, 0, 1, 0, 0, 6, 0, 0, 0, 3, 8, 4, 0, 2, 0, 8, 6, 7, 0, 14, 0, 0, 0, 0, 8, 0, 0, 0, 2, 0, 0, 0, 0, 0, 0, 0, 6, 0, 0, 0]"
2020-11-23 12:46:10,8800000000000,홍길동,male,19,185,78,-0.041,-0.077,0.972,40.324,10.007,614.4,"[2, 0, 0, 1, 0, 0, 12, 3, 0, 8, 0, 0, 0, 0, 0, 4, 0, 0, 0, 1, 0, 0, 0, 0, 0, 0, 2, 0, 3, 9, 0, 0, 3, 0, 0, 0, 0, 1, 26, 0, 0, 0, 4, 0, 0, 1, 9, 0, 0, 2, 0, 0, 0, 0, 0, 0, 0, 0, 8, 2, 1, 1, 0, 1, 3, 13, 0, 9, 11, 0, 4, 2, 1, 0, 4, 2, 1, 10, 5, 6, 0, 0, 1, 0, 1, 3, 9, 0, 0, 0, 0, 0, 0, 0, 0, 0, 0, 0, 0, 0, 0, 0, 0, 0, 0, 3, 0, 0, 18, 3, 0, 0, 0, 1, 4, 5, 0, 0, 0, 531, 0, 0, 2, 0, 8, 0, 4, 0, 1, 0, 2, 0, 1, 0, 1, 0, 10, 0, 0, 0, 0, 1, 5, 4, 5, 12, 2, 0, 10, 2, 1, 0, 2, 1, 1, 0, 6, 4, 11, 0]"
2020-11-23 12:46:11,8800000000000,홍길동,male,19,185,78,-0.041,-0.076,0.972,40.34,10.062,593.92,"[2, 6, 2, 1, 12, 0, 6, 0, 0, 6, 0, 2, 1, 0, 0, 7, 0, 4, 0, 5, 0, 0, 0, 0, 0, 10, 0, 0, 0, 0, 0, 0, 3, 0, 0, 0, 3, 0, 0, 3, 0, 0, 0, 0, 0, 0, 2, 0, 0, 4, 0, 0, 0, 0, 0, 0, 15, 8, 0, 0, 0, 0, 0, 2, 3, 0, 0, 0, 2, 0, 2, 0, 0, 2, 2, 9, 0, 0, 0, 0, 0, 4, 9, 1, 0, 0, 4, 2, 4, 0, 2, 0, 0, 3, 0, 0, 0, 0, 0, 0, 0, 1, 4, 0, 0, 6, 0, 0, 0, 2, 0, 0, 0, 0, 0, 10, 1, 1, 3, 588, 0, 0, 0, 0, 0, 0, 10, 0, 14, 0, 4, 0, 0, 0, 12, 7, 0, 20, 0, 0, 0, 0, 0, 0, 0, 0, 2, 1, 5, 16, 0, 0, 0, 0, 10, 0, 0, 2, 3, 26]"
2020-11-23 12:46:13,8800000000000,홍길동,male,19,185,78,-0.041,-0.077,0.972,40.332,10.068,655.36,"[0, 0, 7, 0, 0, 5, 0, 0, 8, 0, 0, 0, 3, 1, 0, 13, 0, 5, 9, 0, 2, 2, 16, 0, 2, 5, 0, 11, 0, 0, 4, 0, 0, 0, 1, 0, 7, 6, 6, 0, 0, 0, 3, 0, 2, 0, 0, 0, 0, 3, 0, 0, 0, 0, 0, 0, 9, 0, 2, 7, 0, 0, 0, 0, 0, 2, 0, 0, 0, 2, 0, 2, 2, 0, 2, 10, 4, 0, 0, 0, 0, 0, 0, 0, 0, 2, 2, 0, 14, 7, 3, 2, 0, 0, 8, 1, 0, 0, 0, 0, 0, 5, 7, 2, 0, 3, 0, 0, 0, 2, 0, 0, 9, 0, 2, 0, 1, 1, 0, 626, 0, 0, 0, 0, 0, 0, 2, 0, 3, 0, 0, 0, 0, 0, 11, 4, 0, 0, 0, 0, 0, 0, 2, 0, 0, 0, 0, 0, 0, 0, 0, 0, 4, 0, 1, 0, 0, 2, 0, 10]"
2020-11-23 12:46:14,8800000000000,홍길동,male,19,185,78,-0.04,-0.076,0.972,40.377,10.068,634.88,"[0, 0, 0, 0, 0, 0, 4, 0, 0, 0, 0, 0, 0, 0, 0, 3, 0, 0, 0, 0, 0, 0, 2, 1, 0, 4, 4, 1, 8, 0, 0, 2, 2, 1, 1, 4, 0, 0, 0, 1, 2, 1, 0, 0, 0, 3, 0, 5, 11, 0, 0, 0, 0, 0, 0, 0, 0, 2, 0, 3, 0, 0, 0, 0, 0, 0, 0, 0, 0, 0, 0, 0, 0, 0, 0, 3, 0, 0, 5, 5, 0, 0, 0, 0, 0, 0, 0, 0, 0, 11, 0, 0, 1, 2, 0, 2, 0, 0, 0, 2, 0, 2, 12, 0, 6, 0, 1, 0, 3, 0, 0, 1, 1, 4, 4, 11, 6, 12, 0, 619, 0, 1, 3, 2, 0, 0, 7, 11, 6, 0, 0, 0, 2, 2, 0, 0, 0, 8, 11, 0, 0, 0, 0, 0, 0, 8, 0, 1, 2, 0, 0, 0, 0, 0, 0, 0, 0, 4, 12, 0]"
2020-11-23 12:46:16,8800000000000,홍길동,male,19,185,78,-0.041,-0.077,0.972,40.342,10.115,634.88,"[0, 0, 0, 0, 2, 0, 21, 7, 0, 0, 0, 0, 0, 0, 2, 9, 0, 0, 3, 0, 0, 0, 9, 0, 11, 0, 0, 0, 0, 0, 115, 0, 3, 0, 0, 2, 2, 0, 12, 6, 1, 0, 2, 1, 6, 22, 5, 0, 11, 0, 1, 0, 0, 0, 0, 2, 3, 0, 20, 1, 0, 0, 3, 0, 6, 0, 0, 6, 5, 14, 0, 0, 0, 0, 2, 2, 0, 5, 0, 0, 0, 0, 0, 0, 0, 0, 0, 0, 0, 0, 0, 0, 0, 0, 0, 2, 2, 0, 0, 0, 0, 0, 0, 0, 0, 0, 0, 2, 4, 7, 0, 0, 0, 0, 0, 0, 0, 11, 4, 596, 0, 0, 0, 0, 2, 0, 9, 1, 9, 0, 8, 3, 2, 1, 8, 0, 0, 5, 0, 3, 0, 0, 7, 0, 3, 0, 2, 1, 0, 5, 0, 0, 0, 0, 0, 3, 0, 0, 5, 0]"
2020-11-23 12:46:17,8800000000000,홍길동,male,19,185,78,-0.04,-0.077,0.972,40.316,10.101,655.36,"[0, 0, 1, 1, 0, 2, 2, 7, 7, 1, 3, 0, 0, 0, 6, 1, 0, 0, 0, 23, 191, 0, 0, 0, 0, 3, 0, 1, 3, 7, 0, 0, 2, 0, 5, 0, 4, 0, 5, 0, 2, 0, 0, 0, 0, 0, 3, 0, 0, 0, 0, 0, 3, 0, 3, 0, 0, 0, 0, 3, 0, 3, 0, 0, 6, 4, 0, 13, 4, 0, 2, 0, 0, 2, 0, 0, 11, 0, 0, 6, 0, 0, 2, 1, 1, 0, 8, 0, 0, 5, 0, 1, 5, 0, 1, 0, 0, 0, 0, 4, 0, 0, 0, 0, 0, 4, 0, 0, 0, 0, 0, 0, 0, 0, 0, 0, 0, 1, 0, 619, 0, 0, 1, 0, 2, 1, 0, 0, 0, 0, 1, 0, 0, 2, 0, 0, 0, 2, 2, 0, 0, 0, 0, 2, 5, 11, 0, 0, 0, 7, 0, 1, 0, 1, 0, 0, 0, 10, 9, 2]"
2020-11-23 12:46:20,8800000000000,홍길동,male,19,185,78,-0.041,-0.077,0.972,40.316,10.083,634.88,"[1, 2, 7, 0, 0, 2, 9, 7, 1, 0, 0, 0, 2, 0, 2, 2, 0, 0, 0, 1, 0, 2, 0, 0, 11, 0, 0, 6, 0, 12, 0, 0, 0, 0, 1, 1, 0, 9, 0, 0, 0, 0, 0, 0, 7, 0, 0, 4, 0, 0, 0, 0, 0, 0, 2, 0, 0, 3, 4, 0, 0, 0, 0, 0, 0, 1, 0, 2, 0, 9, 0, 0, 0, 3, 0, 10, 9, 10, 4, 0, 0, 2, 3, 1, 3, 0, 0, 0, 2, 0, 4, 0, 0, 0, 0, 12, 8, 0, 1, 3, 0, 2, 1, 0, 0, 0, 0, 2, 17, 13, 0, 0, 0, 0, 0, 1, 3, 0, 4, 643, 0, 0, 0, 0, 0, 0, 0, 0, 0, 8, 0, 0, 2, 0, 0, 0, 9, 6, 0, 0, 0, 0, 5, 2, 2, 0, 0, 0, 0, 0, 0, 0, 0, 0, 2, 0, 0, 0, 0, 0]"
2020-11-23 12:46:21,8800000000000,홍길동,male,19,185,78,-0.041,-0.077,0.972,40.302,10.098,634.88,"[0, 0, 6, 1, 0, 0, 4, 1, 0, 6, 0, 0, 9, 2, 2, 14, 0, 6, 8, 0, 3, 2, 0, 3, 6, 4, 0, 1, 0, 4, 0, 0, 7, 0, 13, 2, 0, 8, 3, 2, 0, 0, 0, 0, 0, 0, 0, 0, 4, 0, 0, 0, 0, 0, 5, 0, 0, 0, 13, 0, 0, 0, 2, 0, 2, 0, 0, 3, 11, 0, 2, 0, 5, 1, 0, 2, 5, 4, 0, 0, 0, 0, 0, 1, 0, 5, 22, 8, 10, 1, 2, 1, 4, 3, 4, 2, 5, 0, 6, 8, 0, 0, 5, 2, 2, 0, 0, 3, 0, 3, 0, 0, 0, 0, 0, 0, 0, 0, 0, 513, 0, 0, 0, 0, 0, 5, 0, 4, 3, 0, 1, 0, 0, 0, 4, 0, 0, 0, 0, 0, 0, 0, 0, 0, 0, 5, 10, 7, 0, 0, 0, 0, 0, 0, 4, 0, 2, 0, 0, 0]"
2020-11-23 12:46:23,8800000000000,홍길동,male,19,185,78,-0.041,-0.076,0.972,40.345,10.167,655.36,"[0, 0, 1, 0, 0, 6, 0, 0, 7, 7, 0, 0, 6, 0, 0, 0, 0, 0, 8, 0, 0, 0, 0, 0, 0, 8, 0, 0, 0, 14, 4, 2, 2, 0, 0, 6, 11, 1, 6, 0, 2, 0, 8, 0, 0, 3, 0, 0, 7, 0, 0, 0, 5, 0, 0, 0, 1, 9, 0, 7, 0, 0, 3, 0, 0, 0, 2, 5, 0, 0, 0, 0, 1, 0, 3, 0, 0, 0, 5, 4, 0, 1, 4, 0, 0, 3, 7, 0, 0, 10, 0, 0, 0, 0, 0, 0, 0, 2, 5, 3, 0, 0, 4, 0, 0, 1, 2, 8, 5, 6, 0, 0, 1, 1, 2, 1, 0, 13, 1, 515, 1, 0, 0, 0, 4, 3, 0, 10, 0, 0, 2, 0, 0, 4, 1, 0, 0, 0, 2, 14, 0, 0, 4, 0, 0, 0, 0, 0, 0, 0, 0, 0, 0, 0, 2, 0, 9, 0, 0, 0]"
2020-11-23 12:47:16,8800000000000,홍길동,male,19,185,78,-0.041,-0.076,0.972,40.831,10.674,675.84,"[0, 0, 0, 0, 0, 0, 0, 3, 7, 0, 0, 0, 0, 0, 11, 2, 0, 0, 4, 0, 0, 0, 3, 0, 0, 0, 3, 7, 0, 1, 0, 0, 0, 0, 0, 0, 2, 0, 0, 0, 1, 0, 0, 0, 5, 10, 0, 0, 2, 0, 1, 0, 6, 0, 0, 0, 3, 11, 11, 0, 1, 1, 3, 0, 1, 0, 7, 3, 0, 0, 0, 1, 1, 0, 0, 1, 0, 3, 0, 1, 0, 0, 0, 0, 2, 0, 0, 0, 0, 6, 0, 0, 0, 0, 0, 0, 0, 0, 0, 0, 0, 0, 2, 0, 10, 2, 0, 5, 0, 0, 0, 0, 0, 0, 1, 4, 4, 11, 0, 667, 1, 0, 1, 1, 7, 4, 3, 8, 0, 11, 4, 2, 4, 0, 0, 0, 0, 8, 0, 0, 0, 0, 0, 0, 3, 0, 0, 0, 0, 5, 0, 0, 2, 0, 0, 9, 6, 1, 0, 0]"
2020-11-23 12:47:18,8800000000000,홍길동,male,19,185,78,-0.042,-0.077,0.972,40.847,10.657,655.36,"[0, 0, 5, 0, 0, 0, 8, 3, 0, 4, 0, 0, 0, 0, 1, 4, 0, 2, 0, 6, 0, 0, 0, 0, 0, 11, 3, 0, 4, 0, 0, 0, 6, 0, 0, 2, 10, 0, 0, 0, 0, 0, 0, 0, 0, 0, 0, 0, 0, 0, 1, 2, 2, 2, 8, 8, 3, 3, 0, 10, 4, 2, 0, 1, 0, 4, 0, 5, 0, 0, 0, 1, 0, 0, 5, 0, 0, 0, 0, 0, 0, 1, 0, 1, 0, 0, 0, 0, 0, 0, 0, 0, 0, 0, 4, 0, 0, 0, 1, 2, 0, 0, 0, 0, 0, 8, 0, 0, 0, 6, 0, 0, 0, 0, 10, 17, 0, 0, 8, 672, 0, 0, 0, 0, 0, 0, 0, 9, 0, 5, 5, 0, 5, 2, 0, 0, 6, 0, 0, 0, 0, 3, 0, 0, 1, 10, 0, 3, 0, 0, 0, 0, 2, 0, 0, 11, 1, 0, 0, 0]"
2020-11-23 12:47:19,8800000000000,홍길동,male,19,185,78,-0.041,-0.076,0.972,40.866,10.664,655.36,"[2, 0, 0, 0, 0, 12, 0, 5, 5, 4, 0, 0, 0, 0, 5, 0, 0, 0, 0, 0, 0, 0, 5, 0, 0, 0, 0, 0, 2, 4, 5, 0, 3, 0, 0, 2, 0, 6, 0, 2, 0, 0, 2, 0, 1, 0, 0, 0, 0, 0, 0, 1, 0, 0, 0, 0, 4, 0, 0, 0, 0, 1, 1, 0, 4, 8, 0, 13, 16, 0, 3, 0, 0, 2, 12, 0, 7, 17, 0, 0, 0, 1, 3, 0, 0, 0, 0, 0, 0, 0, 0, 1, 2, 2, 10, 3, 0, 0, 3, 4, 0, 0, 5, 1, 0, 0, 0, 2, 6, 0, 0, 0, 0, 0, 0, 0, 0, 0, 10, 659, 0, 0, 8, 0, 1, 0, 0, 0, 2, 4, 1, 0, 0, 0, 0, 0, 0, 0, 0, 10, 0, 1, 0, 0, 0, 0, 6, 0, 0, 10, 0, 0, 11, 0, 4, 0, 5, 1, 17, 0]"
2020-11-23 12:47:21,8800000000000,홍길동,male,19,185,78,-0.041,-0.076,0.972,40.855,10.612,655.36,"[26, 1, 0, 1, 2, 11, 0, 0, 2, 0, 0, 3, 4, 0, 2, 0, 0, 0, 8, 0, 0, 1, 8, 0, 8, 3, 0, 0, 3, 3, 0, 0, 0, 0, 0, 2, 0, 2, 14, 6, 0, 0, 0, 0, 0, 0, 0, 0, 0, 0, 0, 0, 0, 0, 6, 2, 7, 0, 7, 5, 0, 0, 6, 0, 0, 0, 5, 0, 0, 8, 4, 0, 0, 3, 1, 1, 0, 0, 4, 0, 0, 1, 0, 1, 4, 0, 8, 7, 0, 0, 7, 2, 4, 0, 5, 4, 2, 0, 4, 3, 0, 0, 0, 1, 0, 5, 0, 18, 0, 0, 0, 0, 5, 0, 0, 7, 9, 0, 14, 661, 0, 0, 7, 0, 0, 0, 5, 0, 0, 0, 0, 0, 0, 0, 2, 0, 8, 0, 10, 3, 0, 0, 0, 0, 0, 2, 0, 8, 10, 0, 0, 0, 2, 0, 0, 0, 0, 0, 0, 1]"
2020-11-23 12:47:23,8800000000000,홍길동,male,19,185,78,-0.041,-0.076,0.972,40.868,10.571,634.88,"[0, 0, 0, 1, 0, 6, 4, 18, 0, 0, 1, 0, 0, 0, 0, 0, 0, 2, 8, 0, 4, 0, 5, 0, 0, 0, 9, 1, 0, 3, 0, 0, 4, 1, 0, 5, 0, 8, 8, 0, 0, 1, 0, 0, 0, 3, 0, 0, 0, 1, 8, 0, 0, 0, 2, 5, 0, 4, 0, 8, 1, 0, 6, 0, 0, 4, 0, 0, 5, 0, 0, 0, 0, 0, 6, 6, 1, 0, 6, 0, 0, 0, 0, 0, 10, 1, 0, 7, 3, 0, 4, 0, 0, 2, 0, 8, 4, 5, 0, 0, 0, 1, 3, 0, 0, 6, 0, 0, 0, 4, 0, 1, 0, 3, 10, 0, 0, 0, 13, 647, 0, 0, 0, 1, 0, 0, 0, 0, 2, 0, 0, 0, 0, 0, 6, 5, 6, 0, 0, 0, 0, 0, 3, 0, 2, 0, 0, 10, 0, 0, 0, 0, 0, 0, 4, 10, 10, 13, 0, 0]"
2020-11-23 12:47:25,8800000000000,홍길동,male,19,185,78,-0.041,-0.077,0.972,40.9,10.445,655.36,"[0, 0, 3, 0, 0, 4, 0, 0, 0, 4, 0, 0, 0, 0, 0, 0, 0, 1, 0, 0, 0, 0, 2, 0, 0, 4, 6, 15, 3, 0, 0, 1, 9, 1, 0, 0, 4, 5, 2, 0, 2, 3, 0, 0, 2, 6, 14, 0, 2, 8, 0, 0, 1, 0, 0, 0, 0, 0, 3, 9, 0, 0, 3, 0, 2, 5, 1, 0, 3, 0, 0, 0, 0, 0, 4, 0, 0, 0, 0, 18, 0, 0, 0, 0, 0, 1, 6, 0, 0, 2, 0, 0, 3, 0, 0, 2, 0, 0, 0, 0, 0, 0, 0, 0, 6, 0, 0, 1, 0, 2, 0, 0, 4, 0, 0, 15, 0, 2, 0, 614, 0, 0, 0, 1, 10, 0, 0, 0, 2, 0, 1, 1, 5, 0, 0, 7, 3, 3, 0, 5, 0, 0, 0, 0, 0, 0, 5, 0, 14, 4, 2, 0, 0, 0, 1, 3, 0, 0, 2, 0]"
2020-11-23 12:47:26,8800000000000,홍길동,male,19,185,78,-0.041,-0.077,0.972,40.868,10.483,675.84,"[0, 0, 0, 0, 9, 1, 0, 4, 0, 10, 0, 0, 5, 1, 0, 0, 0, 10, 6, 0, 0, 0, 2, 0, 0, 0, 3, 0, 0, 0, 0, 0, 0, 0, 0, 0, 0, 4, 8, 11, 0, 0, 0, 0, 0, 4, 0, 31, 7, 2, 0, 0, 5, 2, 0, 0, 3, 0, 3, 0, 3, 1, 0, 3, 0, 2, 2, 0, 0, 6, 0, 0, 3, 0, 0, 5, 0, 3, 0, 4, 0, 0, 0, 0, 0, 0, 0, 8, 10, 0, 0, 0, 0, 0, 0, 0, 0, 0, 6, 4, 0, 0, 6, 0, 10, 0, 0, 2, 0, 3, 0, 0, 2, 0, 0, 4, 0, 0, 0, 621, 0, 0, 0, 0, 0, 0, 0, 4, 0, 0, 4, 2, 0, 1, 0, 0, 0, 0, 1, 0, 0, 2, 0, 3, 0, 3, 2, 5, 14, 0, 0, 0, 0, 2, 0, 16, 0, 4, 3, 0]"
2020-11-23 12:47:28,8800000000000,홍길동,male,19,185,78,-0.04,-0.077,0.972,40.85,10.571,655.36,"[0, 1, 4, 2, 0, 5, 0, 0, 0, 0, 0, 0, 0, 0, 0, 0, 0, 0, 0, 0, 0, 0, 0, 0, 4, 0, 0, 0, 8, 0, 0, 0, 3, 0, 0, 11, 15, 0, 0, 4, 0, 0, 0, 0, 6, 0, 3, 0, 0, 0, 1, 0, 0, 0, 0, 0, 0, 0, 0, 0, 0, 1, 0, 4, 7, 7, 3, 14, 0, 0, 4, 2, 0, 0, 11, 13, 5, 0, 1, 2, 0, 0, 0, 0, 8, 0, 0, 0, 2, 7, 2, 0, 5, 0, 2, 10, 2, 0, 0, 0, 0, 0, 0, 0, 4, 0, 8, 0, 1, 12, 0, 0, 0, 0, 0, 0, 0, 0, 0, 647, 0, 0, 10, 0, 0, 0, 5, 0, 3, 0, 0, 0, 0, 0, 4, 0, 0, 0, 0, 0, 0, 0, 0, 2, 0, 4, 9, 0, 4, 12, 2, 2, 4, 1, 0, 0, 4, 7, 0, 0]"
2020-11-23 12:47:29,8800000000000,홍길동,male,19,185,78,-0.041,-0.077,0.972,40.874,10.626,655.36,"[2, 1, 0, 0, 0, 2, 1, 0, 0, 8, 2, 2, 0, 1, 0, 0, 0, 0, 6, 2, 0, 0, 0, 2, 0, 0, 0, 0, 0, 0, 0, 0, 0, 0, 0, 0, 4, 3, 0, 13, 0, 0, 0, 0, 4, 0, 0, 3, 2, 1, 0, 0, 3, 0, 1, 9, 0, 0, 0, 4, 0, 0, 5, 0, 0, 0, 0, 0, 25, 0, 0, 0, 0, 0, 0, 2, 2, 0, 0, 0, 0, 0, 3, 2, 0, 3, 3, 0, 0, 8, 3, 3, 0, 1, 0, 0, 0, 0, 0, 5, 0, 1, 0, 2, 8, 0, 2, 3, 26, 0, 0, 0, 0, 0, 2, 5, 5, 8, 0, 647, 0, 0, 2, 0, 0, 0, 1, 4, 0, 0, 0, 0, 0, 0, 3, 0, 2, 0, 14, 3, 0, 0, 0, 0, 0, 0, 2, 0, 2, 0, 0, 0, 5, 4, 2, 0, 4, 0, 0, 0]"
2020-11-23 12:47:31,8800000000000,홍길동,male,19,185,78,-0.042,-0.077,0.972,40.82,10.666,655.36,"[0, 1, 0, 0, 2, 0, 1, 0, 3, 0, 0, 0, 1, 1, 0, 3, 0, 17, 1, 3, 0, 0, 0, 2, 4, 1, 0, 4, 3, 0, 18, 0, 4, 0, 8, 0, 3, 6, 0, 0, 0, 1, 5, 0, 0, 0, 0, 0, 7, 0, 0, 0, 0, 0, 2, 0, 0, 12, 0, 1, 0, 0, 3, 0, 0, 0, 6, 0, 3, 10, 0, 0, 0, 0, 3, 4, 0, 0, 9, 8, 0, 0, 0, 2, 4, 0, 4, 0, 0, 10, 0, 0, 0, 0, 0, 0, 0, 6, 1, 6, 0, 1, 0, 0, 0, 0, 5, 5, 3, 4, 0, 2, 7, 0, 8, 3, 2, 0, 0, 637, 0, 1, 0, 0, 0, 14, 3, 0, 2, 11, 0, 0, 3, 1, 0, 0, 4, 0, 5, 0, 0, 0, 0, 0, 5, 2, 0, 0, 0, 0, 0, 0, 0, 4, 0, 7, 0, 1, 0, 11]"
2020-11-23 12:47:32,8800000000000,홍길동,male,19,185,78,-0.041,-0.076,0.972,40.831,10.718,655.36,"[341, 0, 2, 1, 0, 0, 0, 0, 0, 2, 0, 0, 0, 0, 0, 5, 0, 11, 0, 4, 0, 0, 9, 0, 0, 0, 0, 0, 8, 0, 0, 2, 0, 0, 0, 0, 1, 8, 4, 0, 3, 2, 9, 2, 9, 0, 15, 0, 0, 0, 0, 0, 3, 2, 5, 0, 8, 0, 0, 0, 0, 0, 0, 0, 0, 0, 8, 0, 0, 0, 0, 0, 0, 0, 0, 0, 26, 0, 5, 0, 0, 0, 0, 0, 2, 10, 0, 0, 7, 4, 0, 0, 5, 0, 3, 10, 0, 3, 19, 2, 0, 0, 6, 0, 9, 0, 0, 3, 1, 0, 0, 0, 4, 0, 2, 5, 3, 0, 0, 667, 2, 0, 0, 0, 0, 19, 0, 0, 13, 2, 2, 0, 0, 0, 0, 0, 6, 1, 8, 8, 0, 0, 0, 0, 3, 0, 0, 4, 7, 6, 0, 0, 2, 0, 0, 0, 2, 0, 0, 3]"
2020-11-23 12:47:34,8800000000000,홍길동,male,19,185,78,-0.041,-0.077,0.972,40.839,10.741,675.84,"[0, 0, 1, 0, 0, 0, 0, 1, 7, 0, 0, 0, 0, 0, 0, 0, 0, 0, 9, 16, 0, 0, 12, 0, 3, 10, 11, 7, 0, 0, 0, 0, 0, 0, 0, 0, 16, 0, 4, 5, 0, 0, 8, 0, 0, 0, 0, 4, 0, 0, 1, 2, 11, 0, 0, 12, 0, 12, 0, 10, 4, 0, 2, 0, 0, 1, 2, 0, 0, 0, 0, 0, 0, 0, 2, 0, 0, 0, 8, 1, 0, 0, 0, 0, 0, 0, 0, 0, 0, 0, 1, 0, 4, 0, 4, 2, 0, 9, 0, 0, 0, 0, 2, 0, 0, 3, 3, 0, 0, 0, 0, 0, 12, 0, 0, 13, 3, 9, 0, 623, 0, 0, 0, 2, 5, 12, 4, 0, 5, 7, 2, 1, 0, 2, 4, 5, 0, 7, 9, 0, 0, 0, 9, 1, 0, 6, 0, 0, 9, 9, 0, 0, 2, 2, 0, 0, 0, 11, 0, 0]"
2020-11-23 12:47:35,8800000000000,홍길동,male,19,185,78,-0.041,-0.076,0.972,40.807,10.78,675.84,"[0, 1, 8, 0, 3, 0, 7, 5, 7, 0, 0, 1, 0, 0, 7, 5, 9, 14, 2, 0, 0, 0, 0, 0, 0, 0, 0, 0, 5, 0, 0, 0, 3, 0, 0, 0, 0, 0, 0, 4, 0, 0, 0, 0, 0, 2, 0, 0, 0, 8, 0, 0, 0, 1, 3, 6, 0, 0, 1, 0, 0, 0, 1, 3, 4, 1, 4, 0, 0, 1, 0, 0, 1, 0, 0, 0, 9, 0, 5, 10, 0, 1, 0, 4, 0, 9, 0, 12, 0, 2, 0, 0, 0, 0, 0, 3, 4, 0, 0, 0, 0, 0, 0, 0, 10, 0, 0, 0, 7, 0, 0, 0, 0, 0, 5, 21, 6, 10, 2, 658, 0, 0, 2, 0, 0, 6, 6, 0, 11, 9, 2, 0, 0, 2, 6, 13, 0, 10, 0, 0, 0, 0, 0, 2, 4, 3, 7, 2, 6, 2, 1, 0, 0, 1, 0, 0, 4, 6, 0, 0]"
2020-11-23 12:47:37,8800000000000,홍길동,male,19,185,78,-0.042,-0.077,0.972,40.831,10.858,655.36,"[0, 0, 0, 1, 0, 5, 8, 25, 6, 0, 4, 0, 3, 0, 0, 1, 0, 0, 0, 10, 0, 0, 2, 1, 1, 7, 8, 0, 2, 0, 0, 0, 2, 0, 0, 2, 0, 0, 0, 0, 0, 0, 0, 0, 0, 4, 0, 8, 0, 6, 0, 0, 6, 0, 2, 8, 0, 0, 0, 2, 0, 0, 3, 0, 0, 4, 16, 11, 6, 0, 2, 0, 0, 0, 1, 0, 10, 1, 7, 0, 0, 0, 0, 1, 2, 0, 10, 11, 0, 10, 2, 1, 0, 0, 2, 2, 10, 6, 0, 0, 0, 1, 0, 0, 0, 0, 5, 0, 5, 0, 0, 0, 0, 0, 6, 0, 0, 13, 0, 610, 0, 0, 0, 0, 0, 3, 0, 3, 6, 0, 0, 0, 0, 0, 6, 5, 2, 2, 2, 0, 0, 0, 0, 0, 10, 0, 0, 6, 11, 0, 0, 0, 0, 0, 0, 0, 0, 5, 0, 1]"
2020-11-23 12:47:38,8800000000000,홍길동,male,19,185,78,-0.041,-0.076,0.972,40.839,10.945,655.36,"[0, 0, 0, 0, 0, 0, 6, 2, 0, 0, 0, 0, 10, 0, 4, 0, 8, 0, 0, 0, 0, 0, 0, 0, 4, 0, 0, 14, 11, 0, 9, 0, 5, 5, 0, 14, 0, 0, 0, 0, 0, 0, 5, 0, 8, 16, 4, 0, 0, 13, 0, 0, 1, 0, 7, 0, 0, 0, 0, 8, 10, 0, 0, 0, 0, 0, 0, 0, 0, 6, 0, 0, 0, 0, 0, 0, 0, 10, 0, 0, 0, 0, 11, 0, 3, 0, 0, 15, 0, 0, 0, 0, 1, 0, 1, 1, 1, 0, 2, 8, 0, 3, 0, 1, 0, 0, 8, 0, 2, 0, 1, 1, 3, 0, 0, 0, 3, 0, 16, 645, 0, 3, 9, 1, 0, 9, 0, 0, 7, 0, 4, 0, 0, 0, 0, 0, 0, 0, 0, 4, 0, 0, 0, 0, 3, 8, 0, 0, 0, 0, 0, 0, 3, 0, 2, 0, 0, 7, 0, 1]"
2020-11-23 12:47:40,8800000000000,홍길동,male,19,185,78,-0.041,-0.076,0.972,40.826,11.11,655.36,"[0, 0, 1, 0, 0, 0, 4, 0, 8, 0, 0, 0, 7, 0, 4, 14, 0, 0, 10, 0, 0, 0, 0, 3, 1, 0, 0, 7, 0, 0, 7, 1, 0, 0, 4, 0, 0, 13, 0, 2, 0, 0, 6, 0, 0, 0, 5, 0, 0, 2, 0, 0, 11, 3, 6, 4, 0, 0, 10, 0, 0, 0, 0, 0, 9, 0, 0, 11, 2, 0, 0, 0, 0, 1, 0, 0, 7, 1, 0, 0, 0, 0, 0, 0, 0, 0, 8, 0, 0, 6, 2, 0, 7, 0, 0, 5, 0, 8, 4, 0, 0, 0, 4, 2, 0, 2, 4, 0, 0, 9, 0, 0, 4, 1, 0, 5, 2, 1, 0, 647, 1, 0, 8, 4, 0, 13, 6, 4, 3, 1, 3, 0, 8, 0, 0, 19, 4, 0, 5, 0, 0, 1, 11, 0, 0, 0, 4, 0, 1, 10, 0, 1, 0, 0, 9, 2, 0, 27, 0, 0]"
2020-11-23 12:47:41,8800000000000,홍길동,male,19,185,78,-0.041,-0.076,0.972,40.85,11.171,675.84,"[0, 0, 0, 0, 0, 0, 0, 2, 9, 7, 1, 0, 3, 0, 0, 1, 0, 0, 0, 0, 0, 0, 0, 0, 1, 0, 1, 6, 2, 2, 0, 0, 0, 0, 0, 0, 0, 0, 0, 0, 1, 0, 0, 0, 0, 0, 0, 0, 0, 15, 0, 2, 0, 0, 6, 2, 2, 7, 0, 0, 2, 2, 0, 0, 0, 0, 8, 5, 15, 2, 5, 0, 10, 0, 8, 0, 0, 10, 8, 3, 0, 1, 0, 0, 0, 0, 4, 0, 6, 0, 3, 0, 0, 0, 0, 2, 0, 0, 4, 0, 0, 0, 6, 0, 0, 0, 0, 1, 0, 7, 0, 0, 4, 0, 0, 0, 8, 6, 3, 638, 0, 0, 0, 0, 3, 0, 4, 0, 2, 0, 0, 0, 2, 0, 10, 0, 0, 7, 0, 0, 0, 2, 1, 4, 5, 10, 0, 0, 8, 0, 3, 0, 8, 0, 0, 15, 0, 3, 6, 0]"
2020-11-23 12:47:43,8800000000000,홍길동,male,19,185,78,-0.042,-0.077,0.972,40.842,11.209,675.84,"[1, 0, 0, 0, 3, 2, 11, 0, 0, 0, 0, 1, 0, 1, 7, 0, 2, 8, 0, 13, 0, 0, 0, 0, 5, 0, 0, 3, 0, 0, 0, 0, 0, 0, 0, 0, 0, 0, 0, 0, 0, 0, 0, 0, 0, 7, 0, 1, 0, 0, 0, 0, 6, 0, 0, 0, 0, 0, 1, 0, 0, 0, 0, 0, 5, 0, 0, 0, 0, 0, 6, 0, 5, 1, 0, 13, 5, 1, 14, 7, 0, 0, 1, 0, 4, 0, 0, 0, 40, 0, 0, 0, 4, 0, 6, 0, 0, 0, 4, 3, 0, 0, 4, 0, 0, 0, 1, 0, 4, 3, 0, 0, 0, 0, 1, 2, 0, 0, 0, 649, 0, 0, 0, 0, 0, 0, 0, 1, 0, 7, 0, 0, 0, 0, 0, 1, 2, 16, 11, 7, 0, 0, 4, 0, 0, 6, 5, 14, 0, 0, 0, 1, 5, 0, 0, 2, 1, 0, 3, 0]"
2020-11-23 12:47:44,8800000000000,홍길동,male,19,185,78,-0.041,-0.076,0.972,40.834,11.296,655.36,"[0, 0, 0, 0, 0, 1, 6, 0, 0, 8, 0, 0, 0, 2, 1, 0, 2, 2, 2, 2, 0, 2, 4, 1, 0, 2, 0, 5, 0, 1, 0, 0, 1, 0, 0, 6, 14, 2, 1, 6, 0, 0, 0, 2, 6, 6, 4, 8, 0, 0, 0, 0, 0, 0, 0, 0, 0, 4, 0, 0, 0, 0, 0, 0, 0, 5, 0, 0, 0, 3, 3, 0, 2, 2, 0, 8, 0, 10, 0, 10, 0, 0, 0, 1, 4, 0, 0, 2, 0, 15, 2, 1, 0, 0, 0, 10, 2, 11, 0, 0, 0, 0, 0, 1, 2, 0, 0, 6, 0, 0, 1, 0, 4, 0, 0, 0, 0, 0, 0, 655, 0, 0, 3, 0, 9, 0, 13, 0, 3, 0, 2, 0, 0, 0, 0, 0, 0, 0, 7, 0, 0, 0, 0, 0, 1, 21, 0, 0, 0, 0, 0, 0, 0, 0, 0, 7, 0, 5, 12, 0]"
2020-11-23 12:47:46,8800000000000,홍길동,male,19,185,78,-0.041,-0.076,0.972,40.82,11.27,655.36,"[0, 0, 6, 0, 6, 0, 0, 0, 0, 16, 0, 0, 0, 0, 0, 0, 0, 7, 0, 0, 0, 0, 6, 2, 0, 0, 6, 0, 0, 14, 0, 1, 0, 0, 0, 0, 0, 0, 5, 0, 2, 0, 0, 0, 0, 0, 0, 0, 0, 6, 0, 0, 0, 2, 0, 8, 10, 0, 13, 6, 0, 0, 0, 0, 0, 0, 1, 0, 7, 14, 0, 0, 0, 0, 0, 2, 0, 15, 0, 0, 0, 0, 0, 0, 11, 0, 0, 0, 5, 0, 3, 0, 5, 2, 0, 0, 0, 0, 0, 0, 0, 0, 0, 0, 3, 2, 8, 9, 8, 0, 3, 3, 7, 0, 0, 14, 7, 0, 12, 659, 0, 1, 0, 2, 0, 0, 12, 0, 4, 0, 0, 0, 12, 0, 0, 0, 1, 0, 0, 0, 0, 0, 1, 0, 0, 0, 6, 0, 0, 4, 0, 0, 2, 0, 0, 0, 0, 3, 9, 0]"
2020-11-23 12:48:44,8800000000000,홍길동,male,19,185,78,-0.037,-0.077,0.972,40.826,9.537,675.84,"[4, 1, 8, 3, 0, 11, 1, 0, 1, 3, 2, 0, 0, 1, 1, 0, 0, 0, 2, 9, 0, 0, 0, 0, 0, 4, 5, 5, 0, 0, 0, 0, 0, 0, 3, 2, 0, 7, 0, 0, 0, 0, 0, 0, 9, 0, 0, 3, 0, 4, 0, 0, 2, 0, 6, 2, 2, 0, 11, 0, 0, 0, 1, 0, 4, 4, 8, 0, 0, 0, 0, 0, 0, 0, 2, 8, 4, 0, 4, 0, 0, 1, 4, 0, 1, 0, 23, 2, 5, 0, 2, 0, 0, 1, 0, 0, 3, 0, 9, 0, 0, 0, 1, 0, 4, 8, 0, 0, 0, 0, 0, 0, 4, 0, 0, 0, 0, 0, 0, 583, 0, 0, 0, 0, 0, 9, 0, 0, 7, 4, 0, 0, 5, 0, 0, 0, 11, 1, 0, 2, 0, 0, 7, 1, 0, 2, 6, 0, 0, 1, 0, 1, 2, 2, 4, 0, 26, 0, 7, 0]"
2020-11-23 12:48:45,8800000000000,홍길동,male,19,185,78,-0.037,-0.077,0.972,40.842,9.514,634.88,"[3, 3, 5, 2, 5, 2, 4, 8, 5, 0, 1, 0, 0, 3, 0, 1, 0, 0, 0, 15, 0, 0, 0, 1, 0, 10, 0, 7, 4, 3, 0, 1, 0, 0, 0, 0, 11, 0, 0, 1, 0, 0, 0, 0, 1, 0, 0, 0, 0, 3, 0, 0, 0, 0, 0, 4, 11, 9, 0, 0, 2, 0, 0, 0, 0, 7, 0, 2, 9, 0, 2, 4, 9, 1, 0, 9, 0, 0, 4, 0, 0, 2, 0, 3, 4, 0, 5, 0, 8, 0, 0, 1, 5, 0, 0, 0, 0, 11, 0, 7, 0, 0, 0, 0, 0, 0, 1, 0, 9, 0, 0, 0, 0, 0, 0, 5, 2, 0, 0, 591, 0, 0, 0, 0, 0, 0, 0, 14, 1, 0, 0, 0, 4, 0, 0, 0, 10, 5, 0, 0, 0, 0, 0, 0, 8, 0, 0, 2, 15, 12, 0, 0, 4, 2, 4, 2, 9, 3, 12, 11]"
2020-11-23 12:48:47,8800000000000,홍길동,male,19,185,78,-0.038,-0.077,0.972,40.831,9.537,634.88,"[0, 3, 9, 0, 6, 0, 0, 12, 3, 4, 0, 1, 1, 0, 0, 0, 0, 0, 0, 10, 0, 0, 0, 0, 2, 6, 10, 0, 0, 5, 0, 0, 2, 0, 0, 0, 14, 0, 0, 0, 0, 0, 0, 0, 0, 0, 0, 0, 6, 0, 0, 0, 0, 0, 0, 5, 3, 3, 0, 0, 1, 0, 0, 2, 0, 0, 0, 0, 0, 8, 1, 1, 0, 0, 2, 0, 0, 8, 0, 0, 0, 0, 0, 3, 5, 1, 2, 7, 1, 16, 6, 0, 8, 0, 0, 0, 1, 2, 1, 4, 0, 0, 16, 0, 0, 2, 0, 0, 2, 6, 0, 0, 0, 0, 0, 2, 8, 0, 7, 593, 0, 0, 0, 0, 0, 0, 3, 1, 14, 0, 1, 0, 0, 0, 0, 0, 0, 0, 0, 0, 0, 0, 0, 0, 0, 0, 2, 6, 10, 0, 1, 0, 4, 0, 0, 0, 6, 9, 2, 0]"
2020-11-23 12:48:48,8800000000000,홍길동,male,19,185,78,-0.038,-0.077,0.972,40.815,9.52,634.88,"[2, 2, 10, 0, 4, 12, 0, 9, 0, 0, 0, 3, 0, 2, 4, 0, 11, 1, 8, 0, 0, 0, 7, 2, 0, 0, 4, 3, 19, 0, 7, 0, 0, 1, 0, 0, 0, 0, 10, 1, 0, 0, 4, 0, 0, 11, 0, 8, 9, 0, 0, 0, 0, 0, 0, 4, 0, 0, 0, 15, 0, 0, 0, 0, 0, 5, 0, 10, 0, 6, 0, 0, 0, 2, 0, 2, 2, 0, 0, 2, 1, 3, 0, 0, 0, 1, 0, 0, 0, 4, 4, 2, 1, 0, 0, 9, 0, 0, 2, 8, 0, 1, 0, 1, 0, 1, 1, 0, 0, 11, 0, 2, 1, 0, 0, 0, 2, 0, 0, 590, 0, 0, 0, 0, 0, 0, 7, 0, 13, 0, 0, 0, 0, 0, 7, 0, 0, 0, 7, 0, 0, 0, 0, 2, 0, 0, 0, 14, 2, 0, 0, 0, 12, 0, 1, 0, 6, 0, 12, 0]"
2020-11-23 12:48:50,8800000000000,홍길동,male,19,185,78,-0.038,-0.077,0.972,40.826,9.514,675.84,"[3, 3, 1, 3, 0, 2, 0, 3, 0, 3, 1, 3, 3, 0, 0, 0, 0, 3, 4, 0, 0, 1, 11, 0, 0, 2, 5, 7, 4, 10, 0, 0, 0, 0, 5, 9, 0, 0, 9, 1, 0, 0, 0, 0, 0, 2, 0, 8, 0, 0, 0, 0, 0, 0, 2, 0, 0, 1, 12, 6, 0, 0, 0, 0, 0, 10, 4, 6, 12, 1, 1, 0, 0, 0, 0, 0, 0, 6, 0, 0, 0, 0, 0, 5, 3, 0, 9, 0, 0, 0, 3, 3, 0, 6, 0, 0, 0, 8, 5, 0, 0, 0, 4, 0, 12, 0, 1, 0, 6, 1, 0, 0, 7, 2, 2, 0, 11, 0, 0, 593, 0, 0, 0, 0, 2, 0, 4, 0, 8, 0, 0, 0, 0, 0, 5, 0, 0, 0, 2, 0, 0, 0, 0, 0, 0, 0, 0, 10, 0, 3, 0, 0, 0, 0, 0, 1, 3, 7, 0, 4]"
2020-11-23 12:48:51,8800000000000,홍길동,male,19,185,78,-0.038,-0.077,0.972,40.799,9.535,675.84,"[0, 2, 2, 0, 1, 0, 8, 10, 8, 0, 1, 0, 3, 1, 0, 0, 0, 0, 16, 1, 0, 1, 8, 0, 0, 0, 0, 1, 0, 0, 14, 1, 0, 0, 0, 0, 3, 0, 0, 0, 0, 0, 0, 0, 0, 1, 8, 0, 0, 0, 0, 0, 3, 0, 0, 0, 0, 0, 15, 0, 0, 0, 12, 0, 0, 4, 2, 0, 8, 0, 4, 0, 0, 0, 7, 0, 0, 5, 4, 3, 0, 0, 7, 2, 0, 3, 10, 0, 13, 0, 3, 0, 3, 0, 0, 0, 0, 4, 0, 3, 1, 1, 0, 2, 4, 0, 0, 14, 4, 0, 0, 0, 5, 0, 0, 6, 0, 0, 7, 584, 0, 0, 0, 0, 0, 2, 0, 0, 0, 0, 0, 0, 0, 0, 0, 0, 0, 8, 13, 0, 0, 0, 0, 0, 7, 0, 12, 1, 4, 0, 0, 0, 1, 0, 0, 0, 0, 15, 2, 20]"
2020-11-23 12:48:53,8800000000000,홍길동,male,19,185,78,-0.038,-0.077,0.972,40.855,9.509,675.84,"[3, 1, 4, 1, 0, 6, 0, 12, 1, 0, 4, 3, 7, 0, 0, 3, 0, 0, 4, 8, 0, 0, 5, 0, 0, 1, 0, 5, 4, 7, 10, 0, 0, 0, 0, 7, 0, 0, 0, 10, 0, 0, 0, 0, 0, 0, 4, 7, 2, 0, 0, 0, 0, 0, 0, 0, 0, 0, 0, 5, 1, 0, 0, 0, 0, 4, 7, 0, 0, 4, 0, 0, 3, 2, 2, 8, 0, 0, 0, 0, 0, 0, 0, 4, 17, 6, 2, 0, 0, 0, 7, 5, 0, 8, 0, 4, 0, 0, 2, 6, 0, 2, 1, 0, 0, 6, 3, 0, 17, 2, 0, 1, 2, 0, 0, 4, 0, 0, 0, 592, 0, 0, 0, 0, 0, 7, 13, 0, 0, 0, 0, 0, 0, 0, 0, 0, 4, 0, 0, 1, 0, 0, 0, 0, 5, 0, 14, 1, 0, 4, 1, 1, 0, 0, 5, 2, 0, 2, 2, 0]"
2020-11-23 12:48:55,8800000000000,홍길동,male,19,185,78,-0.038,-0.077,0.972,40.791,9.538,675.84,"[152, 0, 2, 0, 0, 10, 0, 2, 0, 9, 0, 1, 0, 0, 5, 9, 3, 3, 4, 8, 0, 0, 3, 2, 0, 0, 0, 11, 0, 0, 0, 0, 0, 0, 0, 0, 0, 1, 9, 0, 0, 0, 0, 0, 0, 0, 0, 0, 0, 0, 0, 0, 0, 0, 0, 0, 0, 1, 0, 11, 0, 0, 0, 0, 0, 0, 12, 0, 4, 0, 0, 1, 1, 1, 3, 4, 0, 2, 7, 1, 0, 0, 0, 1, 4, 5, 5, 3, 0, 9, 2, 3, 0, 5, 2, 0, 6, 5, 8, 0, 1, 5, 5, 0, 1, 5, 8, 0, 2, 2, 0, 1, 0, 0, 0, 3, 2, 0, 0, 587, 0, 0, 0, 0, 0, 0, 0, 6, 0, 0, 0, 0, 0, 0, 0, 6, 0, 1, 0, 0, 0, 0, 0, 0, 0, 9, 0, 0, 0, 0, 0, 0, 0, 2, 2, 0, 9, 2, 20, 4]"
2020-11-23 12:48:57,8800000000000,홍길동,male,19,185,78,-0.038,-0.077,0.972,40.815,9.535,655.36,"[0, 0, 9, 2, 0, 5, 9, 0, 0, 1, 0, 1, 0, 4, 0, 13, 0, 4, 4, 3, 0, 2, 7, 0, 4, 5, 0, 0, 0, 0, 1, 0, 4, 0, 0, 0, 0, 3, 0, 7, 0, 0, 1, 0, 0, 0, 6, 0, 3, 0, 0, 0, 0, 0, 0, 0, 0, 0, 0, 0, 0, 0, 0, 0, 0, 0, 0, 0, 8, 0, 0, 0, 4, 3, 0, 4, 0, 4, 0, 14, 0, 0, 0, 0, 0, 0, 3, 0, 13, 0, 0, 3, 1, 2, 5, 9, 10, 0, 1, 0, 0, 2, 0, 2, 5, 3, 2, 0, 8, 0, 0, 0, 10, 0, 0, 8, 0, 19, 0, 584, 0, 0, 0, 0, 4, 0, 2, 8, 0, 0, 0, 0, 0, 0, 0, 0, 0, 10, 0, 0, 0, 0, 5, 0, 2, 0, 15, 0, 0, 0, 0, 4, 0, 0, 13, 0, 1, 5, 0, 0]"
2020-11-23 12:48:58,8800000000000,홍길동,male,19,185,78,-0.037,-0.077,0.972,40.778,9.521,634.88,"[0, 0, 4, 0, 3, 4, 8, 0, 0, 0, 3, 2, 8, 3, 10, 4, 8, 10, 8, 0, 0, 0, 2, 4, 0, 3, 0, 0, 8, 0, 0, 1, 0, 1, 2, 0, 0, 0, 5, 0, 0, 0, 11, 0, 0, 0, 0, 0, 0, 0, 0, 0, 0, 0, 0, 0, 0, 0, 5, 1, 0, 0, 0, 0, 0, 0, 0, 0, 0, 0, 2, 0, 8, 0, 4, 0, 9, 3, 0, 0, 0, 0, 2, 0, 2, 0, 5, 0, 4, 0, 1, 2, 0, 4, 1, 0, 0, 1, 0, 0, 0, 0, 1, 1, 1, 0, 0, 16, 22, 0, 0, 0, 7, 0, 1, 5, 0, 0, 0, 583, 0, 0, 2, 0, 2, 0, 0, 5, 0, 0, 0, 0, 0, 0, 0, 5, 0, 6, 0, 0, 0, 0, 0, 0, 11, 6, 0, 0, 2, 5, 0, 0, 0, 0, 1, 0, 3, 5, 2, 0]"
2020-11-23 12:49:00,8800000000000,홍길동,male,19,185,78,-0.037,-0.077,0.972,40.796,9.529,655.36,"[0, 0, 5, 0, 0, 0, 6, 0, 10, 0, 2, 2, 0, 4, 14, 2, 1, 0, 7, 0, 1, 0, 1, 3, 0, 4, 0, 14, 9, 9, 0, 1, 0, 0, 0, 0, 2, 0, 10, 4, 1, 0, 0, 0, 0, 0, 4, 0, 6, 13, 0, 0, 0, 0, 0, 0, 0, 6, 2, 0, 0, 0, 1, 0, 1, 0, 0, 0, 0, 12, 1, 0, 5, 0, 6, 0, 5, 13, 9, 0, 0, 1, 8, 1, 0, 1, 0, 0, 2, 0, 8, 5, 8, 2, 0, 0, 10, 0, 0, 5, 0, 1, 0, 0, 4, 0, 6, 25, 0, 0, 0, 0, 0, 0, 0, 5, 0, 0, 0, 598, 0, 0, 7, 0, 0, 3, 0, 7, 0, 17, 0, 0, 0, 0, 0, 0, 0, 0, 0, 4, 0, 0, 0, 0, 0, 14, 0, 10, 0, 0, 0, 0, 0, 0, 0, 0, 0, 0, 0, 0]"
2020-11-23 12:49:01,8800000000000,홍길동,male,19,185,78,-0.037,-0.077,0.972,40.826,9.543,675.84,"[0, 2, 10, 1, 0, 2, 1, 0, 0, 0, 0, 2, 14, 3, 0, 9, 4, 0, 3, 17, 2, 1, 0, 2, 12, 7, 0, 0, 14, 19, 49, 0, 2, 0, 0, 3, 3, 2, 2, 0, 0, 0, 0, 0, 6, 2, 2, 7, 0, 0, 0, 0, 11, 0, 0, 10, 0, 0, 0, 0, 0, 0, 6, 0, 0, 0, 0, 0, 0, 6, 0, 1, 0, 0, 0, 0, 0, 4, 2, 0, 0, 0, 0, 0, 0, 9, 6, 7, 2, 8, 4, 3, 11, 1, 0, 0, 10, 4, 21, 4, 0, 0, 0, 0, 0, 0, 0, 6, 1, 14, 0, 0, 0, 0, 0, 17, 0, 0, 0, 594, 0, 0, 0, 0, 0, 0, 0, 0, 5, 1, 0, 0, 7, 0, 3, 0, 0, 0, 0, 19, 0, 0, 4, 0, 2, 0, 0, 10, 12, 12, 0, 0, 0, 0, 1, 7, 0, 10, 0, 0]"
2020-11-23 12:49:03,8800000000000,홍길동,male,19,185,78,-0.037,-0.077,0.972,40.839,9.52,675.84,"[0, 0, 0, 0, 11, 0, 11, 0, 0, 0, 1, 1, 0, 2, 0, 3, 12, 9, 0, 0, 3, 0, 2, 2, 7, 3, 10, 0, 0, 0, 5, 0, 0, 0, 2, 1, 4, 0, 6, 0, 0, 0, 10, 0, 0, 0, 0, 5, 0, 2, 0, 0, 4, 0, 0, 0, 0, 0, 0, 0, 0, 0, 7, 0, 0, 3, 0, 0, 3, 0, 0, 0, 6, 0, 8, 0, 0, 3, 0, 1, 0, 0, 0, 0, 2, 0, 0, 5, 2, 7, 5, 0, 5, 2, 0, 15, 0, 0, 14, 1, 0, 2, 0, 5, 0, 0, 0, 6, 0, 0, 0, 0, 0, 0, 0, 7, 4, 7, 7, 592, 0, 0, 0, 0, 4, 0, 4, 0, 0, 0, 0, 0, 5, 0, 0, 0, 0, 2, 1, 0, 0, 0, 0, 0, 0, 0, 0, 0, 0, 3, 0, 0, 0, 0, 3, 4, 4, 0, 0, 0]"
2020-11-23 12:49:04,8800000000000,홍길동,male,19,185,78,-0.037,-0.077,0.972,40.839,9.537,675.84,"[0, 0, 1, 0, 0, 0, 10, 0, 0, 0, 0, 0, 9, 0, 0, 12, 3, 3, 21, 0, 2, 4, 0, 0, 10, 4, 0, 19, 0, 0, 1, 0, 0, 0, 0, 0, 4, 8, 14, 6, 0, 0, 2, 0, 2, 4, 8, 10, 0, 0, 0, 0, 0, 0, 2, 0, 4, 2, 1, 0, 0, 0, 0, 0, 0, 6, 4, 7, 3, 0, 0, 2, 7, 0, 0, 4, 0, 6, 0, 5, 0, 0, 8, 2, 0, 1, 2, 1, 3, 0, 6, 1, 8, 1, 8, 5, 0, 0, 0, 10, 2, 2, 6, 1, 0, 2, 5, 0, 0, 11, 0, 0, 0, 0, 2, 6, 7, 0, 0, 582, 0, 0, 0, 0, 0, 0, 4, 0, 0, 0, 0, 0, 0, 0, 0, 0, 0, 0, 5, 0, 0, 0, 0, 0, 0, 0, 0, 0, 13, 0, 0, 0, 0, 0, 4, 0, 5, 0, 0, 0]"
2020-11-23 12:49:06,8800000000000,홍길동,male,19,185,78,-0.037,-0.077,0.972,40.834,9.523,675.84,"[0, 0, 0, 0, 1, 4, 1, 0, 11, 0, 2, 1, 5, 2, 0, 3, 0, 1, 16, 0, 3, 3, 4, 1, 3, 7, 0, 7, 0, 0, 29, 0, 0, 0, 0, 6, 9, 0, 0, 0, 0, 0, 0, 0, 0, 0, 1, 0, 0, 8, 0, 0, 0, 0, 0, 1, 0, 0, 0, 8, 0, 0, 0, 0, 0, 0, 0, 7, 4, 0, 0, 0, 0, 0, 4, 7, 5, 0, 7, 0, 0, 0, 0, 0, 3, 0, 9, 0, 14, 0, 4, 1, 5, 1, 4, 0, 0, 20, 3, 2, 0, 2, 3, 2, 6, 0, 12, 0, 4, 1, 2, 0, 0, 0, 3, 2, 0, 0, 0, 608, 0, 0, 3, 0, 0, 2, 12, 0, 0, 4, 0, 0, 0, 0, 0, 11, 2, 0, 0, 0, 0, 0, 0, 0, 0, 0, 3, 0, 2, 0, 0, 0, 1, 0, 0, 3, 0, 0, 1, 0]"
2020-11-23 12:49:07,8800000000000,홍길동,male,19,185,78,-0.037,-0.077,0.972,40.796,9.529,675.84,"[0, 0, 0, 0, 0, 9, 11, 5, 5, 3, 2, 0, 0, 3, 1, 5, 7, 2, 3, 0, 2, 3, 0, 3, 4, 9, 0, 1, 10, 0, 88, 2, 0, 2, 0, 4, 0, 0, 5, 0, 0, 0, 0, 2, 0, 0, 0, 0, 9, 0, 0, 0, 0, 0, 0, 6, 0, 0, 2, 9, 0, 0, 0, 0, 6, 0, 10, 21, 0, 0, 0, 0, 0, 0, 3, 11, 9, 8, 0, 0, 0, 0, 1, 0, 0, 0, 0, 5, 8, 4, 0, 0, 0, 0, 7, 0, 0, 3, 0, 8, 2, 4, 15, 3, 1, 9, 12, 7, 0, 8, 0, 0, 0, 0, 2, 0, 0, 6, 0, 607, 0, 0, 0, 0, 2, 2, 0, 0, 8, 6, 0, 0, 5, 0, 0, 0, 0, 0, 0, 9, 0, 0, 0, 0, 0, 0, 1, 6, 0, 0, 0, 0, 0, 0, 0, 3, 0, 0, 17, 1]"
2020-11-23 12:49:09,8800000000000,홍길동,male,19,185,78,-0.037,-0.077,0.972,40.815,9.543,614.4,"[0, 0, 0, 1, 0, 0, 4, 0, 15, 0, 0, 0, 0, 0, 0, 0, 0, 2, 7, 0, 0, 2, 0, 3, 0, 1, 2, 7, 0, 0, 111, 0, 2, 3, 0, 2, 0, 0, 0, 20, 2, 0, 6, 1, 0, 0, 0, 4, 0, 0, 0, 1, 4, 0, 0, 5, 9, 0, 2, 2, 0, 0, 0, 0, 0, 12, 0, 0, 0, 11, 0, 0, 0, 0, 0, 0, 0, 0, 11, 6, 0, 0, 3, 1, 3, 0, 0, 4, 0, 0, 0, 0, 0, 0, 0, 7, 4, 4, 18, 0, 2, 1, 0, 0, 2, 7, 0, 0, 16, 0, 0, 0, 8, 2, 0, 2, 6, 0, 0, 580, 0, 0, 8, 0, 0, 0, 0, 0, 0, 0, 2, 0, 4, 0, 2, 0, 0, 3, 15, 0, 0, 0, 0, 0, 0, 0, 0, 0, 6, 14, 0, 1, 0, 0, 5, 0, 15, 10, 0, 16]"
2020-11-23 12:49:10,8800000000000,홍길동,male,19,185,78,-0.037,-0.077,0.972,40.839,9.521,614.4,"[0, 0, 0, 0, 0, 0, 13, 5, 0, 0, 0, 0, 0, 6, 0, 1, 3, 6, 0, 14, 1, 2, 11, 3, 1, 5, 8, 0, 0, 16, 0, 0, 3, 2, 0, 0, 0, 4, 0, 0, 0, 1, 5, 0, 0, 0, 3, 0, 0, 0, 0, 0, 0, 1, 0, 0, 0, 5, 0, 0, 0, 0, 0, 0, 3, 2, 1, 11, 0, 0, 0, 0, 0, 0, 0, 1, 0, 4, 0, 10, 0, 2, 0, 0, 0, 0, 8, 0, 3, 0, 2, 0, 0, 0, 0, 7, 7, 0, 6, 0, 0, 0, 0, 1, 5, 0, 0, 7, 3, 1, 1, 0, 4, 0, 0, 0, 9, 2, 0, 598, 0, 0, 1, 1, 1, 0, 6, 1, 0, 0, 3, 0, 0, 0, 3, 0, 0, 0, 0, 0, 0, 0, 0, 0, 0, 0, 0, 0, 0, 0, 0, 0, 0, 0, 3, 0, 0, 0, 0, 3]"
2020-11-23 12:49:12,8800000000000,홍길동,male,19,185,78,-0.037,-0.077,0.972,40.831,9.537,675.84,"[0, 0, 0, 2, 2, 0, 0, 0, 0, 1, 1, 0, 0, 0, 0, 2, 0, 0, 2, 2, 0, 0, 3, 5, 0, 4, 12, 18, 0, 0, 0, 2, 8, 0, 0, 0, 0, 4, 0, 2, 0, 0, 5, 2, 0, 0, 0, 0, 10, 0, 0, 0, 6, 0, 0, 0, 0, 2, 10, 0, 0, 0, 0, 0, 0, 0, 2, 10, 0, 2, 0, 0, 0, 0, 0, 0, 15, 4, 0, 6, 0, 0, 3, 2, 0, 9, 2, 1, 0, 9, 1, 0, 0, 2, 2, 0, 0, 6, 0, 3, 0, 1, 15, 2, 1, 0, 0, 10, 20, 0, 2, 1, 6, 1, 0, 0, 0, 1, 7, 594, 0, 1, 0, 0, 0, 0, 0, 0, 0, 0, 6, 0, 0, 0, 3, 0, 1, 0, 0, 4, 0, 0, 0, 0, 7, 0, 0, 3, 15, 0, 0, 0, 0, 0, 0, 0, 0, 0, 0, 16]"
2020-11-23 12:49:13,8800000000000,홍길동,male,19,185,78,-0.037,-0.077,0.972,40.858,9.509,675.84,"[0, 0, 0, 0, 2, 1, 19, 0, 0, 0, 0, 0, 0, 0, 12, 1, 10, 7, 7, 0, 0, 1, 9, 2, 0, 7, 0, 0, 9, 3, 3, 3, 10, 2, 0, 5, 0, 7, 0, 3, 4, 0, 2, 2, 0, 0, 7, 0, 5, 0, 2, 0, 3, 2, 0, 0, 0, 0, 0, 4, 0, 0, 0, 1, 11, 7, 0, 0, 2, 11, 0, 0, 0, 0, 0, 0, 2, 2, 0, 0, 0, 0, 0, 1, 2, 0, 0, 0, 0, 0, 0, 0, 10, 0, 0, 0, 7, 2, 1, 6, 1, 3, 2, 1, 0, 0, 11, 15, 0, 8, 1, 1, 0, 4, 0, 0, 1, 2, 0, 579, 0, 0, 0, 1, 2, 13, 0, 8, 3, 0, 0, 0, 2, 0, 0, 0, 0, 0, 12, 0, 0, 0, 0, 0, 0, 1, 8, 0, 0, 2, 0, 0, 0, 0, 0, 0, 9, 0, 1, 6]"
2020-11-23 12:49:15,8800000000000,홍길동,male,19,185,78,-0.037,-0.077,0.972,40.826,9.499,675.84,"[0, 0, 2, 0, 5, 0, 10, 0, 0, 0, 0, 0, 0, 1, 3, 0, 0, 7, 2, 8, 0, 1, 0, 0, 1, 4, 0, 14, 6, 7, 0, 2, 2, 4, 0, 0, 3, 4, 0, 8, 2, 0, 0, 0, 0, 0, 0, 0, 0, 0, 1, 0, 0, 0, 0, 7, 9, 0, 5, 0, 0, 0, 0, 0, 0, 0, 0, 0, 0, 4, 0, 0, 0, 0, 0, 5, 0, 0, 0, 0, 0, 0, 2, 0, 2, 0, 0, 0, 20, 0, 0, 0, 4, 0, 0, 0, 0, 3, 0, 0, 0, 2, 8, 1, 4, 0, 20, 7, 0, 5, 4, 0, 2, 2, 0, 8, 0, 0, 1, 590, 0, 1, 0, 0, 0, 2, 0, 0, 0, 0, 2, 0, 0, 0, 0, 0, 0, 10, 3, 0, 0, 0, 0, 0, 9, 0, 4, 1, 0, 2, 0, 0, 0, 0, 0, 0, 0, 0, 0, 10]"
2020-11-23 12:49:16,8800000000000,홍길동,male,19,185,78,-0.038,-0.076,0.972,40.815,9.543,675.84,"[0, 0, 0, 0, 1, 0, 0, 14, 0, 5, 0, 0, 0, 1, 0, 0, 0, 0, 0, 0, 0, 0, 5, 2, 2, 8, 8, 13, 0, 0, 4, 3, 5, 1, 7, 0, 0, 10, 4, 8, 2, 0, 0, 0, 4, 2, 0, 2, 0, 2, 0, 0, 1, 0, 0, 3, 0, 0, 0, 0, 1, 0, 2, 0, 1, 7, 0, 3, 0, 0, 0, 0, 0, 0, 0, 0, 6, 0, 2, 0, 0, 0, 0, 0, 7, 0, 0, 11, 6, 2, 0, 0, 16, 1, 0, 0, 2, 4, 24, 0, 0, 0, 8, 0, 0, 1, 7, 0, 0, 3, 2, 1, 2, 3, 0, 0, 0, 6, 0, 586, 0, 1, 0, 1, 4, 2, 0, 0, 10, 6, 0, 0, 6, 0, 10, 1, 2, 0, 0, 11, 0, 0, 0, 0, 0, 0, 0, 0, 4, 10, 0, 0, 0, 0, 0, 7, 0, 0, 0, 0]"
2020-11-23 12:49:19,8800000000000,홍길동,male,19,185,78,-0.038,-0.076,0.972,40.796,9.576,655.36,"[0, 0, 0, 0, 0, 0, 4, 0, 14, 0, 0, 0, 0, 0, 0, 0, 0, 0, 13, 0, 0, 2, 4, 3, 0, 0, 0, 8, 0, 9, 6, 1, 8, 0, 0, 0, 0, 17, 0, 0, 0, 1, 1, 0, 0, 2, 0, 0, 2, 9, 0, 0, 0, 2, 0, 5, 0, 7, 5, 0, 0, 0, 0, 0, 0, 0, 0, 0, 0, 0, 0, 0, 0, 0, 4, 0, 0, 2, 0, 0, 0, 0, 0, 0, 0, 11, 0, 0, 6, 18, 3, 0, 6, 0, 5, 0, 0, 2, 6, 9, 0, 0, 0, 1, 0, 2, 0, 0, 0, 5, 3, 1, 6, 0, 0, 11, 1, 0, 4, 586, 1, 2, 0, 0, 0, 0, 0, 2, 0, 0, 0, 1, 0, 0, 2, 3, 0, 0, 7, 2, 0, 0, 0, 0, 0, 0, 2, 4, 2, 0, 0, 0, 0, 0, 0, 0, 0, 0, 0, 5]"
2020-11-23 12:49:20,8800000000000,홍길동,male,19,185,78,-0.038,-0.076,0.972,40.815,9.581,634.88,"[1, 0, 7, 0, 11, 9, 0, 4, 0, 4, 2, 0, 0, 2, 0, 5, 11, 2, 0, 0, 0, 0, 7, 0, 5, 1, 3, 8, 0, 0, 29, 4, 0, 3, 5, 0, 6, 0, 0, 0, 0, 8, 7, 0, 1, 0, 0, 0, 0, 1, 0, 0, 0, 0, 0, 2, 0, 0, 0, 3, 3, 0, 0, 0, 0, 0, 0, 0, 3, 0, 0, 0, 0, 0, 4, 0, 0, 0, 3, 0, 0, 0, 0, 0, 1, 0, 5, 9, 0, 1, 3, 2, 2, 1, 2, 0, 1, 0, 8, 10, 0, 0, 0, 0, 5, 2, 5, 0, 11, 0, 4, 4, 13, 4, 11, 0, 8, 0, 7, 591, 0, 2, 0, 2, 0, 0, 0, 0, 6, 0, 0, 1, 0, 0, 3, 0, 3, 2, 0, 0, 0, 0, 2, 1, 3, 0, 0, 0, 0, 0, 0, 0, 2, 0, 5, 1, 0, 0, 0, 9]"
2020-11-23 12:49:22,8800000000000,홍길동,male,19,185,78,-0.038,-0.076,0.972,40.82,9.549,634.88,"[0, 0, 3, 0, 3, 2, 0, 0, 0, 10, 311, 0, 0, 2, 8, 0, 2, 10, 0, 2, 0, 2, 9, 2, 0, 0, 0, 3, 8, 5, 5, 3, 11, 1, 0, 0, 0, 0, 0, 0, 1, 2, 6, 0, 0, 2, 0, 0, 1, 0, 0, 1, 0, 0, 4, 0, 0, 2, 0, 12, 0, 0, 0, 2, 4, 0, 0, 0, 0, 0, 0, 0, 0, 0, 0, 0, 1, 0, 0, 5, 0, 0, 0, 0, 2, 6, 0, 0, 1, 0, 0, 3, 0, 0, 4, 4, 3, 0, 2, 0, 0, 0, 0, 0, 0, 0, 0, 0, 0, 0, 2, 0, 0, 2, 3, 6, 6, 0, 10, 593, 0, 1, 3, 1, 1, 4, 3, 0, 20, 4, 0, 0, 4, 0, 8, 0, 7, 0, 3, 0, 0, 0, 0, 0, 5, 13, 0, 0, 0, 1, 0, 0, 0, 0, 0, 0, 8, 0, 0, 0]"
2020-11-23 12:49:23,8800000000000,홍길동,male,19,185,78,-0.038,-0.076,0.972,40.783,9.538,634.88,"[0, 0, 0, 0, 0, 1, 0, 0, 0, 0, 114, 0, 0, 0, 0, 3, 4, 0, 0, 8, 0, 1, 2, 2, 3, 10, 0, 3, 13, 2, 2, 0, 0, 2, 2, 0, 0, 6, 0, 0, 2, 0, 0, 3, 11, 0, 10, 2, 0, 6, 0, 0, 6, 0, 0, 1, 0, 11, 4, 5, 0, 0, 3, 0, 2, 15, 0, 0, 0, 0, 0, 0, 0, 0, 8, 0, 0, 0, 9, 0, 0, 0, 0, 0, 0, 2, 0, 9, 0, 10, 0, 0, 9, 3, 0, 5, 3, 4, 12, 0, 0, 0, 0, 1, 0, 0, 1, 1, 0, 2, 0, 2, 2, 3, 2, 13, 0, 7, 5, 600, 3, 1, 2, 0, 5, 0, 0, 3, 0, 1, 4, 0, 0, 3, 3, 0, 0, 9, 0, 0, 0, 0, 0, 0, 2, 0, 0, 11, 0, 1, 0, 0, 0, 0, 0, 13, 0, 0, 15, 9]"
2020-11-23 12:49:25,8800000000000,홍길동,male,19,185,78,-0.038,-0.076,0.972,40.884,9.541,655.36,"[0, 0, 7, 0, 5, 0, 0, 1, 0, 0, 0, 0, 10, 0, 0, 2, 0, 0, 19, 0, 0, 0, 7, 0, 0, 0, 3, 5, 3, 3, 0, 0, 5, 2, 4, 14, 1, 11, 0, 2, 3, 1, 3, 0, 0, 0, 0, 3, 8, 2, 0, 0, 0, 0, 0, 1, 5, 1, 0, 4, 0, 0, 0, 0, 1, 7, 1, 0, 0, 0, 0, 0, 0, 0, 0, 0, 0, 0, 0, 0, 0, 0, 0, 0, 0, 0, 0, 10, 0, 0, 0, 0, 0, 0, 0, 0, 2, 0, 0, 0, 0, 3, 3, 1, 4, 20, 9, 4, 1, 11, 1, 3, 2, 2, 0, 0, 5, 2, 0, 590, 3, 1, 3, 2, 0, 0, 13, 4, 0, 0, 6, 0, 4, 1, 0, 0, 18, 0, 0, 0, 0, 0, 0, 0, 3, 7, 0, 2, 0, 1, 0, 0, 0, 0, 2, 4, 0, 7, 0, 3]"
2020-11-23 12:49:26,8800000000000,홍길동,male,19,185,78,-0.038,-0.076,0.972,40.839,9.534,675.84,"[0, 0, 7, 0, 0, 0, 0, 0, 0, 0, 0, 0, 1, 0, 3, 0, 15, 13, 0, 0, 0, 0, 0, 0, 0, 4, 0, 0, 2, 0, 2, 1, 7, 2, 0, 0, 5, 0, 0, 8, 3, 0, 10, 0, 8, 0, 1, 1, 1, 0, 2, 0, 7, 0, 2, 10, 3, 0, 0, 4, 0, 0, 0, 0, 1, 4, 10, 0, 11, 15, 0, 0, 1, 0, 0, 8, 0, 5, 6, 0, 0, 0, 0, 0, 0, 0, 0, 0, 3, 7, 0, 0, 0, 0, 0, 19, 0, 0, 5, 0, 0, 0, 1, 2, 4, 0, 0, 3, 0, 0, 2, 2, 5, 1, 9, 8, 0, 1, 0, 592, 3, 4, 3, 1, 3, 1, 5, 13, 18, 10, 1, 0, 0, 0, 0, 3, 0, 0, 0, 13, 0, 0, 0, 0, 0, 0, 7, 5, 0, 0, 0, 0, 0, 0, 0, 1, 0, 4, 1, 0]"
2020-11-23 12:49:28,8800000000000,홍길동,male,19,185,78,-0.036,-0.077,0.972,40.831,9.552,675.84,"[0, 0, 0, 1, 5, 0, 9, 8, 0, 0, 0, 0, 0, 0, 4, 0, 0, 11, 2, 0, 0, 3, 1, 2, 0, 0, 10, 0, 2, 0, 0, 0, 0, 2, 0, 8, 6, 2, 0, 8, 3, 4, 3, 1, 9, 0, 9, 6, 0, 0, 2, 1, 11, 1, 0, 2, 8, 1, 0, 13, 0, 0, 1, 0, 0, 0, 5, 0, 8, 0, 0, 0, 0, 0, 4, 1, 0, 0, 0, 0, 0, 0, 0, 0, 6, 4, 0, 4, 1, 3, 0, 0, 0, 0, 10, 9, 0, 0, 9, 0, 0, 0, 0, 0, 2, 0, 6, 3, 0, 0, 1, 4, 5, 0, 6, 1, 5, 5, 10, 580, 1, 1, 3, 0, 16, 2, 5, 1, 1, 0, 8, 1, 0, 0, 0, 8, 0, 7, 1, 11, 0, 0, 0, 1, 1, 0, 0, 0, 6, 7, 0, 0, 0, 0, 0, 0, 0, 0, 5, 9]"
2020-11-23 12:49:29,8800000000000,홍길동,male,19,185,78,-0.036,-0.077,0.972,40.82,9.543,675.84,"[0, 0, 0, 0, 0, 0, 0, 0, 6, 11, 0, 0, 0, 0, 5, 1, 7, 1, 15, 0, 0, 0, 0, 0, 0, 0, 0, 0, 3, 0, 0, 0, 0, 0, 17, 17, 0, 0, 0, 0, 6, 2, 9, 3, 4, 12, 0, 4, 0, 4, 1, 0, 0, 0, 8, 0, 0, 4, 4, 0, 2, 0, 0, 0, 1, 0, 1, 0, 0, 0, 0, 0, 0, 0, 2, 0, 0, 0, 0, 0, 0, 0, 0, 0, 7, 0, 0, 0, 3, 0, 0, 0, 6, 0, 0, 4, 0, 8, 0, 0, 0, 0, 2, 0, 0, 0, 0, 7, 0, 0, 0, 0, 9, 0, 0, 0, 9, 4, 3, 586, 6, 3, 0, 3, 3, 10, 0, 0, 0, 6, 6, 0, 0, 0, 0, 2, 1, 0, 0, 0, 0, 0, 5, 2, 1, 2, 0, 5, 0, 2, 0, 0, 8, 0, 7, 0, 0, 0, 0, 2]"
2020-11-23 12:49:31,8800000000000,홍길동,male,19,185,78,-0.036,-0.077,0.972,40.863,9.528,655.36,"[0, 0, 0, 0, 0, 0, 0, 0, 3, 0, 0, 0, 0, 0, 0, 0, 0, 0, 6, 5, 0, 0, 3, 0, 5, 0, 0, 0, 0, 1, 0, 0, 0, 0, 8, 2, 2, 11, 20, 3, 4, 1, 3, 3, 0, 0, 2, 0, 0, 0, 4, 2, 2, 2, 9, 8, 0, 1, 0, 0, 4, 1, 0, 0, 7, 0, 6, 0, 0, 16, 0, 0, 6, 0, 0, 0, 0, 0, 7, 0, 0, 0, 0, 0, 0, 0, 0, 3, 0, 0, 0, 0, 0, 0, 0, 0, 0, 0, 11, 9, 0, 0, 4, 0, 6, 0, 0, 0, 11, 0, 0, 0, 0, 0, 2, 0, 6, 1, 0, 595, 4, 3, 2, 4, 8, 11, 16, 0, 16, 0, 0, 0, 0, 0, 1, 8, 2, 0, 5, 2, 0, 2, 1, 0, 0, 0, 0, 0, 0, 2, 0, 0, 4, 0, 0, 0, 0, 1, 1, 0]"
2020-11-23 12:49:32,8800000000000,홍길동,male,19,185,78,-0.036,-0.077,0.972,40.796,9.529,634.88,"[0, 0, 0, 0, 2, 0, 2, 0, 0, 0, 0, 0, 1, 0, 2, 0, 5, 10, 0, 19, 0, 0, 0, 0, 0, 0, 0, 9, 3, 0, 10, 0, 0, 0, 5, 0, 1, 8, 0, 0, 0, 2, 0, 2, 6, 6, 10, 0, 3, 0, 2, 1, 6, 2, 0, 8, 0, 11, 0, 4, 0, 2, 0, 0, 0, 0, 0, 0, 0, 2, 0, 0, 0, 0, 2, 0, 0, 1, 0, 19, 0, 0, 4, 0, 0, 0, 1, 0, 1, 0, 1, 0, 0, 0, 0, 3, 3, 0, 4, 1, 0, 0, 1, 0, 0, 0, 1, 0, 0, 8, 0, 0, 0, 6, 0, 0, 3, 1, 10, 595, 1, 3, 0, 5, 0, 10, 1, 15, 8, 0, 2, 0, 2, 0, 0, 3, 0, 11, 0, 0, 0, 0, 0, 0, 4, 0, 0, 0, 5, 0, 0, 0, 7, 0, 4, 8, 0, 0, 0, 8]"
2020-11-23 12:49:34,8800000000000,홍길동,male,19,185,78,-0.036,-0.077,0.972,40.847,9.499,634.88,"[0, 0, 0, 0, 6, 0, 0, 0, 12, 0, 0, 0, 2, 0, 0, 8, 0, 0, 0, 13, 272, 0, 0, 0, 0, 0, 0, 5, 0, 0, 0, 0, 0, 0, 0, 0, 2, 0, 12, 0, 3, 3, 7, 4, 0, 0, 6, 0, 5, 3, 2, 0, 1, 1, 0, 4, 7, 0, 24, 5, 0, 0, 0, 0, 0, 6, 2, 0, 1, 8, 0, 0, 2, 1, 0, 2, 0, 0, 0, 1, 0, 0, 0, 0, 0, 0, 0, 2, 0, 6, 0, 0, 0, 0, 10, 5, 0, 0, 0, 4, 0, 0, 0, 1, 4, 0, 0, 4, 0, 0, 0, 0, 0, 0, 0, 6, 4, 12, 0, 592, 3, 1, 2, 1, 1, 10, 6, 6, 4, 0, 2, 1, 0, 0, 4, 0, 0, 2, 20, 3, 0, 1, 0, 2, 0, 1, 0, 0, 0, 0, 0, 0, 1, 0, 0, 0, 0, 6, 0, 3]"
2020-11-23 12:49:35,8800000000000,홍길동,male,19,185,78,-0.036,-0.077,0.972,40.812,9.558,655.36,"[42, 0, 0, 1, 8, 0, 0, 0, 0, 8, 0, 0, 0, 0, 0, 0, 6, 2, 0, 11, 0, 0, 0, 2, 1, 1, 0, 0, 2, 0, 0, 0, 2, 0, 0, 0, 1, 5, 0, 2, 0, 3, 0, 2, 11, 12, 3, 8, 0, 0, 0, 0, 0, 1, 0, 4, 2, 0, 5, 0, 3, 0, 7, 1, 0, 0, 0, 0, 2, 0, 0, 0, 4, 0, 0, 0, 0, 0, 0, 0, 0, 0, 0, 0, 0, 3, 0, 17, 3, 0, 0, 0, 0, 0, 1, 0, 0, 0, 0, 0, 3, 0, 0, 0, 0, 5, 0, 1, 0, 6, 0, 0, 9, 2, 0, 0, 8, 0, 11, 592, 1, 2, 8, 5, 5, 11, 7, 0, 0, 16, 5, 0, 0, 1, 5, 0, 0, 1, 0, 0, 0, 0, 0, 2, 1, 8, 0, 11, 0, 11, 0, 1, 2, 1, 4, 0, 0, 0, 0, 0]"
2020-11-23 12:49:37,8800000000000,홍길동,male,19,185,78,-0.038,-0.077,0.972,40.823,9.534,655.36,"[0, 0, 0, 2, 0, 0, 5, 4, 8, 0, 0, 0, 0, 0, 0, 0, 2, 0, 13, 8, 0, 0, 0, 0, 1, 0, 0, 3, 12, 7, 0, 1, 0, 0, 0, 0, 12, 0, 8, 2, 1, 2, 0, 2, 10, 9, 0, 2, 5, 16, 3, 0, 5, 0, 0, 2, 0, 0, 8, 25, 0, 0, 0, 1, 2, 4, 0, 6, 0, 0, 0, 1, 0, 0, 0, 0, 0, 6, 7, 0, 0, 0, 0, 0, 0, 1, 0, 0, 0, 20, 0, 0, 0, 0, 0, 2, 0, 0, 0, 0, 0, 0, 0, 0, 0, 2, 8, 0, 0, 8, 0, 0, 0, 0, 0, 0, 4, 7, 0, 592, 2, 2, 0, 2, 5, 12, 16, 7, 0, 0, 7, 2, 10, 0, 4, 7, 0, 0, 0, 0, 0, 1, 0, 0, 0, 0, 7, 0, 0, 0, 0, 0, 1, 0, 0, 3, 0, 0, 0, 0]"
2020-11-23 12:49:38,8800000000000,홍길동,male,19,185,78,-0.038,-0.077,0.972,40.831,9.537,655.36,"[0, 0, 10, 0, 0, 11, 0, 0, 0, 2, 0, 0, 0, 0, 0, 0, 9, 0, 0, 0, 0, 0, 0, 0, 10, 4, 6, 0, 0, 0, 0, 0, 11, 0, 0, 5, 4, 0, 1, 0, 2, 1, 2, 2, 4, 0, 12, 0, 13, 0, 3, 1, 6, 3, 4, 12, 0, 2, 0, 0, 4, 0, 0, 2, 0, 8, 2, 0, 3, 10, 1, 0, 0, 0, 0, 7, 1, 0, 0, 4, 0, 0, 0, 0, 2, 0, 0, 9, 0, 0, 0, 0, 0, 0, 0, 0, 0, 0, 0, 0, 0, 0, 0, 0, 8, 5, 5, 4, 3, 9, 0, 0, 0, 1, 0, 0, 2, 1, 7, 596, 0, 0, 4, 2, 3, 8, 11, 34, 0, 1, 8, 2, 4, 2, 1, 8, 0, 0, 0, 0, 0, 0, 6, 0, 0, 0, 1, 13, 0, 0, 0, 0, 0, 2, 1, 0, 0, 0, 4, 6]"
2020-11-23 12:49:41,8800000000000,홍길동,male,19,185,78,-0.038,-0.077,0.972,40.807,9.5,675.84,"[0, 0, 0, 0, 0, 2, 0, 0, 0, 0, 0, 0, 0, 0, 8, 3, 7, 0, 8, 0, 0, 0, 0, 0, 0, 0, 0, 0, 0, 0, 0, 0, 0, 0, 1, 11, 1, 0, 4, 10, 2, 2, 2, 2, 6, 17, 4, 15, 20, 12, 4, 1, 6, 0, 7, 0, 2, 0, 8, 2, 4, 2, 0, 1, 3, 8, 0, 0, 0, 1, 1, 0, 6, 0, 0, 8, 0, 0, 17, 14, 0, 0, 0, 0, 3, 0, 3, 0, 0, 0, 0, 0, 1, 0, 0, 0, 11, 0, 2, 0, 0, 0, 11, 0, 0, 0, 0, 15, 0, 14, 0, 0, 0, 0, 0, 10, 8, 0, 0, 600, 2, 2, 6, 2, 0, 2, 13, 0, 5, 8, 9, 0, 0, 1, 5, 11, 6, 4, 1, 5, 0, 1, 0, 0, 4, 0, 0, 4, 0, 0, 0, 0, 0, 0, 0, 0, 1, 0, 3, 6]"
2020-11-23 12:49:42,8800000000000,홍길동,male,19,185,78,-0.038,-0.077,0.972,40.82,9.52,675.84,"[0, 0, 6, 0, 4, 1, 0, 3, 0, 0, 0, 0, 0, 0, 0, 0, 0, 1, 0, 21, 0, 0, 1, 0, 5, 8, 0, 13, 4, 1, 1, 0, 4, 1, 0, 8, 4, 0, 1, 3, 0, 0, 2, 0, 5, 0, 0, 14, 16, 0, 0, 4, 0, 2, 0, 9, 0, 10, 0, 3, 4, 0, 1, 0, 1, 0, 0, 0, 0, 4, 0, 0, 0, 4, 0, 0, 1, 0, 0, 0, 0, 0, 4, 0, 0, 0, 0, 8, 0, 0, 0, 0, 14, 0, 0, 0, 0, 0, 1, 5, 0, 0, 0, 0, 0, 0, 0, 0, 0, 18, 2, 0, 0, 0, 0, 7, 0, 0, 0, 578, 0, 0, 0, 2, 4, 4, 0, 0, 0, 0, 8, 1, 0, 0, 1, 2, 5, 7, 0, 0, 0, 0, 6, 2, 0, 2, 0, 6, 9, 4, 0, 0, 2, 0, 2, 7, 2, 0, 0, 0]"
2020-11-23 12:49:44,8800000000000,홍길동,male,19,185,78,-0.038,-0.077,0.972,40.772,9.535,634.88,"[0, 0, 2, 0, 0, 0, 0, 0, 0, 0, 0, 0, 2, 0, 4, 0, 0, 0, 0, 0, 0, 0, 0, 0, 0, 0, 0, 4, 29, 0, 0, 1, 5, 0, 0, 6, 0, 0, 0, 1, 0, 0, 6, 0, 0, 0, 0, 0, 1, 7, 1, 0, 0, 1, 0, 5, 13, 0, 9, 0, 5, 1, 3, 2, 1, 0, 0, 0, 0, 7, 0, 0, 0, 0, 0, 0, 14, 0, 4, 0, 0, 1, 1, 0, 2, 0, 0, 0, 0, 0, 0, 0, 0, 0, 2, 0, 0, 6, 0, 2, 0, 0, 2, 0, 0, 1, 6, 4, 0, 5, 0, 0, 0, 0, 10, 0, 0, 2, 0, 586, 0, 1, 0, 0, 0, 0, 15, 1, 3, 0, 6, 0, 12, 3, 0, 17, 5, 11, 0, 4, 0, 1, 3, 0, 7, 4, 2, 2, 2, 20, 0, 0, 0, 2, 0, 0, 0, 4, 0, 0]"
2020-11-23 12:49:45,8800000000000,홍길동,male,19,185,78,-0.038,-0.077,0.972,40.847,9.511,634.88,"[0, 0, 0, 0, 0, 0, 0, 0, 0, 3, 0, 0, 0, 0, 0, 0, 0, 6, 0, 0, 0, 0, 0, 0, 0, 2, 2, 0, 0, 0, 1, 0, 0, 2, 0, 0, 0, 9, 4, 0, 0, 0, 0, 1, 0, 11, 1, 0, 0, 5, 3, 1, 6, 0, 0, 0, 1, 9, 3, 5, 4, 0, 17, 0, 6, 0, 1, 2, 16, 2, 1, 1, 0, 0, 7, 0, 0, 5, 2, 0, 0, 0, 0, 0, 0, 3, 0, 0, 0, 6, 0, 0, 6, 0, 0, 0, 6, 9, 10, 4, 0, 0, 0, 0, 1, 0, 0, 0, 2, 2, 0, 0, 3, 0, 0, 0, 0, 0, 20, 580, 0, 0, 0, 1, 0, 6, 0, 0, 7, 21, 5, 0, 3, 5, 0, 4, 1, 0, 0, 2, 0, 0, 4, 2, 2, 13, 6, 0, 12, 0, 0, 0, 2, 0, 4, 0, 0, 5, 0, 0]"
2020-11-23 12:49:47,8800000000000,홍길동,male,19,185,78,-0.038,-0.077,0.972,40.807,9.511,614.4,"[0, 1, 2, 2, 0, 2, 0, 0, 0, 0, 0, 0, 0, 0, 0, 2, 0, 0, 0, 0, 0, 0, 0, 0, 3, 0, 0, 0, 0, 1, 0, 0, 3, 0, 0, 0, 0, 0, 0, 0, 0, 0, 0, 0, 3, 0, 1, 10, 6, 0, 3, 1, 3, 2, 10, 6, 25, 16, 1, 0, 8, 0, 7, 1, 0, 1, 10, 7, 0, 7, 5, 0, 2, 0, 0, 0, 0, 0, 1, 5, 0, 0, 0, 0, 0, 0, 0, 11, 0, 0, 0, 0, 0, 0, 2, 0, 0, 0, 7, 0, 0, 0, 0, 0, 0, 0, 0, 0, 0, 8, 0, 0, 0, 0, 0, 0, 9, 0, 0, 589, 0, 0, 0, 0, 1, 8, 0, 1, 5, 0, 2, 1, 0, 3, 0, 9, 0, 0, 12, 0, 0, 3, 4, 0, 7, 0, 0, 7, 0, 4, 0, 1, 6, 0, 0, 0, 3, 0, 0, 4]"
2020-11-23 12:49:48,8800000000000,홍길동,male,19,185,78,-0.037,-0.077,0.972,40.796,9.5,655.36,"[0, 0, 8, 0, 5, 0, 0, 4, 3, 0, 0, 0, 0, 0, 3, 0, 0, 0, 0, 0, 0, 0, 0, 0, 0, 0, 0, 0, 6, 0, 0, 0, 1, 0, 0, 0, 0, 11, 0, 12, 0, 0, 0, 0, 2, 0, 0, 7, 0, 11, 13, 0, 0, 3, 10, 0, 0, 0, 5, 0, 3, 2, 0, 1, 2, 2, 0, 0, 0, 0, 2, 0, 0, 0, 3, 0, 0, 1, 7, 5, 0, 0, 3, 0, 4, 0, 0, 6, 0, 0, 0, 0, 0, 0, 0, 4, 0, 0, 1, 0, 0, 0, 0, 0, 0, 5, 3, 1, 4, 6, 0, 0, 2, 0, 0, 0, 7, 6, 0, 606, 0, 0, 0, 0, 0, 3, 2, 0, 5, 0, 2, 2, 4, 2, 1, 0, 6, 5, 16, 6, 0, 1, 0, 1, 2, 0, 4, 6, 0, 0, 1, 3, 4, 0, 2, 2, 0, 0, 3, 0]"
2020-11-23 12:49:50,8800000000000,홍길동,male,19,185,78,-0.037,-0.077,0.972,40.799,9.55,655.36,"[45, 2, 8, 0, 0, 0, 0, 16, 2, 1, 0, 0, 5, 0, 0, 0, 1, 0, 0, 0, 0, 0, 5, 0, 0, 0, 0, 0, 14, 5, 0, 1, 0, 0, 1, 0, 0, 0, 20, 0, 0, 0, 0, 0, 3, 5, 0, 8, 6, 0, 0, 0, 0, 0, 9, 3, 3, 0, 0, 12, 6, 3, 0, 3, 5, 0, 3, 7, 2, 0, 2, 1, 2, 0, 0, 2, 0, 4, 0, 6, 0, 0, 0, 0, 0, 0, 5, 6, 2, 8, 0, 0, 0, 1, 0, 0, 0, 10, 0, 6, 0, 0, 0, 0, 11, 0, 0, 0, 0, 0, 2, 0, 3, 1, 0, 11, 6, 9, 0, 603, 2, 0, 2, 0, 2, 0, 8, 5, 0, 7, 2, 2, 4, 2, 0, 0, 11, 13, 0, 0, 0, 1, 9, 0, 8, 0, 0, 6, 8, 0, 0, 2, 3, 4, 0, 0, 0, 0, 0, 7]"
2020-11-23 12:49:51,8800000000000,홍길동,male,19,185,78,-0.037,-0.077,0.972,40.788,9.538,675.84,"[0, 2, 1, 0, 0, 0, 2, 0, 3, 0, 0, 0, 8, 0, 0, 5, 0, 0, 4, 0, 25, 0, 0, 0, 0, 0, 0, 9, 5, 2, 0, 0, 0, 0, 2, 5, 0, 0, 2, 0, 0, 0, 2, 0, 0, 0, 0, 11, 0, 10, 0, 1, 4, 0, 0, 2, 0, 0, 6, 13, 4, 2, 1, 2, 3, 0, 16, 7, 8, 0, 0, 1, 0, 0, 4, 23, 2, 0, 15, 4, 0, 0, 2, 0, 6, 0, 0, 0, 9, 0, 0, 0, 5, 0, 0, 0, 0, 0, 12, 0, 0, 0, 0, 0, 0, 0, 0, 0, 0, 0, 0, 0, 4, 0, 8, 8, 5, 0, 15, 593, 0, 0, 3, 2, 8, 4, 8, 0, 0, 0, 5, 0, 2, 1, 6, 9, 4, 16, 0, 0, 0, 3, 0, 1, 9, 5, 3, 0, 0, 5, 1, 0, 0, 0, 5, 0, 10, 10, 0, 9]"
2020-11-23 12:49:53,8800000000000,홍길동,male,19,185,78,-0.037,-0.077,0.972,40.783,9.5,675.84,"[2, 0, 0, 0, 0, 0, 0, 5, 6, 0, 0, 0, 5, 0, 0, 0, 0, 5, 0, 0, 0, 0, 9, 0, 0, 0, 0, 19, 0, 0, 0, 0, 0, 0, 6, 4, 0, 11, 1, 1, 0, 0, 0, 0, 0, 0, 2, 12, 14, 0, 0, 0, 6, 0, 0, 2, 1, 0, 0, 7, 1, 2, 0, 0, 9, 4, 2, 0, 0, 9, 3, 0, 0, 0, 1, 0, 2, 0, 0, 0, 0, 0, 3, 0, 8, 0, 3, 5, 1, 1, 0, 0, 0, 1, 0, 17, 2, 0, 0, 2, 0, 0, 0, 0, 0, 0, 3, 0, 8, 5, 0, 0, 0, 0, 9, 0, 0, 0, 14, 587, 0, 0, 0, 0, 0, 0, 2, 0, 0, 4, 2, 0, 0, 0, 0, 0, 3, 2, 0, 2, 0, 1, 4, 2, 11, 0, 8, 0, 0, 2, 1, 1, 0, 1, 1, 0, 0, 6, 11, 11]"
