collect_time,duid,name,sex,age,height,weight,accelerationx,accelerationy,accelerationz,temperature,humidity,lightsensor,pad_value
2020-11-11 17:13:01,8800000000000,tester,m,40,165,72,-0.459,-0.885,-0.047,25.148,18.102,81.92,"[0, 0, 2, 0, 0, 3, 2, 0, 1, 3, 832, 0, 1, 0, 1, 0, 2, 1, 0, 1, 9, 1, 5, 1, 0, 0, 2, 2, 0, 0, 0, 0, 0, 2, 0, 2, 1, 0, 0, 3, 2, 0, 3, 0, 0, 2, 1, 0, 2, 1, 3, 3, 3, 4, 5, 1, 0, 2, 4, 1, 0, 3, 1, 0, 3, 2, 3, 2, 5, 0, 0, 0, 4, 2, 1, 3, 0, 1, 0, 1, 0, 2, 2, 2, 0, 4, 0, 2, 0, 0, 0, 0, 0, 2, 2, 1, 0, 2, 2, 2, 0, 1, 0, 1, 0, 1, 1, 3, 4, 0, 0, 1, 2, 2, 1, 3, 0, 0, 1, 0, 0, 0, 1, 0, 1, 1, 2, 0, 0, 0, 1, 1, 2, 2, 2, 2, 0, 4, 1, 2, 0, 3, 0, 1, 1, 2, 2, 1, 0, 2, 0, 15, 0, 2, 1, 3, 2, 0, 0, 2]"
2020-11-11 17:13:01,8800000000000,tester,m,40,165,72,-0.458,-0.884,-0.047,25.159,18.094,81.92,"[0, 7, 0, 2, 4, 0, 1, 0, 3, 3, 848, 1, 3, 2, 2, 0, 0, 0, 0, 2, 0, 0, 0, 2, 0, 0, 0, 0, 0, 1, 0, 0, 1, 0, 0, 0, 3, 4, 0, 2, 2, 0, 2, 0, 2, 1, 0, 0, 2, 1, 0, 0, 0, 0, 1, 3, 1, 1, 2, 1, 0, 1, 0, 1, 1, 0, 3, 0, 1, 1, 0, 3, 0, 2, 27, 0, 2, 2, 3, 0, 2, 2, 0, 3, 0, 1, 2, 3, 4, 1, 0, 2, 2, 1, 4, 2, 1, 4, 4, 2, 0, 0, 0, 0, 1, 1, 3, 2, 2, 0, 0, 0, 5, 0, 2, 2, 0, 2, 0, 0, 0, 1, 0, 1, 0, 3, 3, 1, 1, 1, 0, 0, 1, 1, 3, 2, 0, 3, 1, 1, 0, 0, 3, 0, 3, 3, 1, 3, 2, 0, 0, 1, 3, 1, 2, 3, 0, 1, 2, 2]"
2020-11-11 17:13:02,8800000000000,tester,m,40,165,72,-0.458,-0.884,-0.047,25.164,18.094,81.92,"[0, 0, 2, 2, 3, 3, 3, 4, 2, 0, 843, 2, 0, 1, 2, 0, 2, 0, 3, 3, 16, 3, 2, 2, 2, 0, 1, 1, 0, 0, 0, 0, 2, 0, 1, 1, 0, 0, 1, 1, 4, 1, 2, 1, 0, 2, 1, 0, 3, 1, 0, 0, 0, 3, 0, 0, 0, 1, 0, 2, 0, 0, 0, 2, 0, 0, 0, 2, 1, 6, 2, 3, 1, 3, 4, 0, 3, 1, 2, 2, 0, 3, 0, 2, 6, 1, 1, 0, 3, 2, 6, 0, 0, 1, 2, 3, 2, 1, 2, 1, 1, 3, 2, 3, 0, 1, 3, 2, 1, 0, 0, 0, 1, 0, 2, 0, 0, 0, 0, 1, 0, 0, 0, 0, 0, 0, 1, 0, 4, 0, 0, 3, 0, 2, 0, 0, 4, 2, 3, 0, 0, 0, 2, 0, 0, 0, 0, 3, 0, 1, 0, 1, 0, 1, 1, 0, 2, 2, 0, 2]"
2020-11-11 17:13:02,8800000000000,tester,m,40,165,72,-0.459,-0.885,-0.047,25.148,18.112,81.92,"[2, 2, 9, 4, 0, 4, 2, 0, 0, 1, 843, 2, 0, 2, 4, 3, 1, 2, 0, 2, 3, 2, 0, 2, 0, 0, 3, 0, 0, 2, 1, 1, 3, 1, 1, 3, 0, 0, 2, 0, 0, 0, 2, 0, 2, 0, 0, 0, 3, 1, 0, 0, 0, 1, 0, 2, 0, 0, 2, 1, 0, 0, 0, 1, 0, 2, 0, 1, 0, 2, 0, 1, 0, 1, 0, 0, 2, 2, 3, 3, 1, 1, 4, 1, 3, 4, 3, 2, 0, 0, 0, 2, 36, 1, 0, 3, 0, 0, 0, 1, 0, 0, 2, 2, 3, 2, 3, 1, 1, 0, 2, 0, 1, 3, 0, 1, 0, 0, 0, 2, 0, 4, 2, 1, 0, 0, 3, 0, 0, 1, 0, 1, 0, 0, 1, 0, 3, 0, 2, 2, 0, 0, 3, 0, 2, 4, 0, 1, 0, 2, 0, 0, 0, 2, 2, 0, 0, 0, 2, 2]"
2020-11-11 17:13:03,8800000000000,tester,m,40,165,72,-0.455,-0.884,-0.047,25.194,18.147,81.92,"[0, 0, 3, 1, 2, 0, 0, 2, 1, 3, 809, 2, 3, 2, 4, 4, 1, 4, 0, 3, 81, 1, 4, 2, 4, 2, 1, 4, 1, 1, 0, 2, 1, 0, 0, 3, 2, 2, 0, 1, 5, 2, 1, 3, 3, 3, 3, 0, 0, 0, 0, 0, 1, 2, 1, 1, 0, 2, 0, 1, 0, 1, 1, 0, 0, 1, 0, 0, 0, 1, 3, 1, 1, 1, 4, 2, 2, 2, 2, 0, 0, 0, 0, 0, 2, 3, 0, 2, 0, 2, 4, 1, 4, 1, 2, 6, 0, 0, 4, 0, 4, 0, 1, 1, 1, 4, 2, 0, 0, 2, 0, 0, 1, 2, 3, 0, 1, 3, 1, 3, 0, 2, 2, 2, 0, 1, 0, 1, 1, 6, 1, 0, 0, 0, 0, 1, 0, 0, 2, 1, 0, 0, 1, 5, 0, 2, 0, 0, 0, 0, 0, 2, 0, 0, 0, 1, 0, 1, 2, 2]"
2020-11-11 17:13:03,8800000000000,tester,m,40,165,72,-0.457,-0.883,-0.047,25.148,18.112,81.92,"[0, 0, 0, 1, 2, 0, 0, 1, 1, 0, 821, 0, 0, 0, 4, 2, 0, 0, 1, 2, 8, 0, 1, 1, 2, 2, 2, 0, 2, 3, 0, 1, 2, 0, 2, 1, 0, 0, 16, 0, 2, 0, 2, 3, 1, 2, 1, 1, 1, 1, 0, 2, 1, 0, 2, 3, 1, 0, 0, 0, 0, 0, 3, 0, 1, 1, 0, 0, 2, 0, 0, 0, 2, 2, 13, 0, 0, 2, 0, 1, 0, 0, 0, 0, 3, 0, 2, 1, 1, 2, 0, 0, 1, 1, 0, 0, 0, 8, 4, 2, 0, 2, 0, 2, 1, 1, 1, 1, 0, 2, 0, 1, 2, 1, 3, 0, 4, 0, 2, 1, 0, 0, 0, 2, 3, 0, 4, 7, 1, 2, 2, 2, 2, 2, 3, 1, 3, 0, 0, 0, 0, 1, 1, 1, 0, 1, 1, 1, 0, 0, 0, 0, 2, 1, 0, 5, 4, 1, 2, 0]"
2020-11-11 17:13:04,8800000000000,tester,m,40,165,72,-0.457,-0.883,-0.047,25.167,18.115,81.92,"[0, 0, 0, 0, 0, 0, 0, 2, 0, 1, 800, 0, 0, 0, 1, 1, 5, 0, 12, 0, 2, 0, 0, 1, 4, 3, 1, 2, 1, 1, 1, 0, 4, 0, 0, 3, 2, 0, 4, 0, 0, 0, 0, 2, 0, 0, 0, 6, 0, 2, 0, 2, 4, 2, 0, 5, 1, 3, 0, 0, 0, 0, 0, 1, 2, 1, 2, 0, 3, 2, 2, 0, 0, 0, 3, 0, 0, 0, 2, 2, 0, 0, 0, 0, 3, 1, 0, 0, 1, 0, 2, 0, 1, 1, 0, 1, 0, 3, 0, 0, 0, 0, 2, 3, 1, 1, 1, 2, 0, 2, 0, 2, 5, 1, 2, 0, 0, 4, 0, 2, 0, 4, 2, 0, 1, 0, 4, 1, 0, 3, 2, 1, 0, 1, 0, 2, 1, 2, 2, 3, 0, 1, 0, 0, 2, 2, 2, 0, 1, 3, 0, 0, 0, 2, 2, 1, 0, 1, 2, 0]"
2020-11-11 17:13:04,8800000000000,tester,m,40,165,72,-0.458,-0.88,-0.047,25.207,18.095,81.92,"[0, 0, 0, 4, 0, 2, 0, 0, 1, 0, 811, 1, 1, 2, 0, 2, 0, 1, 3, 2, 7, 0, 0, 1, 2, 0, 1, 0, 0, 1, 0, 0, 2, 2, 0, 1, 2, 2, 0, 0, 7, 2, 0, 3, 2, 1, 0, 4, 3, 1, 0, 0, 4, 1, 0, 2, 2, 0, 2, 2, 0, 1, 2, 0, 4, 2, 1, 3, 3, 3, 1, 2, 0, 2, 2, 3, 0, 0, 1, 0, 0, 0, 0, 1, 0, 0, 0, 0, 0, 1, 0, 1, 0, 4, 2, 5, 0, 0, 4, 1, 0, 0, 1, 2, 0, 1, 0, 0, 2, 1, 0, 0, 1, 0, 1, 1, 2, 4, 4, 4, 0, 0, 0, 2, 1, 1, 0, 0, 0, 2, 1, 2, 1, 2, 5, 0, 3, 3, 3, 0, 0, 1, 3, 2, 2, 3, 1, 2, 2, 2, 0, 0, 0, 2, 1, 1, 2, 1, 0, 0]"
2020-11-11 17:13:05,8800000000000,tester,m,40,165,72,-0.459,-0.884,-0.047,25.191,18.121,81.92,"[0, 1, 0, 0, 5, 0, 0, 1, 0, 0, 832, 0, 0, 0, 0, 0, 0, 0, 1, 2, 2, 1, 0, 0, 3, 0, 2, 0, 0, 1, 0, 0, 0, 0, 2, 0, 0, 1, 0, 1, 1, 0, 1, 1, 0, 3, 0, 10, 2, 0, 0, 3, 0, 3, 2, 0, 0, 1, 0, 0, 0, 3, 0, 1, 0, 2, 3, 2, 0, 2, 2, 1, 0, 4, 1, 7, 2, 0, 3, 3, 0, 1, 0, 1, 0, 0, 2, 1, 0, 0, 0, 0, 4, 1, 3, 2, 0, 0, 0, 0, 0, 0, 2, 0, 0, 0, 0, 2, 0, 1, 0, 0, 1, 0, 0, 0, 0, 0, 3, 0, 0, 0, 0, 0, 1, 0, 0, 2, 7, 3, 2, 3, 3, 4, 2, 2, 1, 2, 0, 2, 0, 2, 2, 0, 1, 4, 4, 0, 0, 1, 0, 2, 1, 2, 0, 0, 0, 1, 2, 3]"
2020-11-11 17:13:05,8800000000000,tester,m,40,165,72,-0.459,-0.884,-0.047,25.191,18.121,81.92,"[2, 1, 0, 1, 4, 2, 4, 2, 4, 0, 837, 0, 0, 0, 1, 0, 0, 0, 0, 0, 19, 1, 2, 0, 0, 1, 2, 2, 0, 0, 0, 0, 1, 1, 0, 1, 3, 0, 2, 0, 3, 0, 0, 0, 3, 4, 1, 2, 2, 2, 0, 0, 1, 2, 1, 4, 1, 1, 1, 5, 0, 1, 2, 2, 2, 0, 2, 0, 3, 2, 1, 0, 5, 1, 0, 0, 3, 2, 2, 1, 0, 0, 4, 2, 1, 0, 3, 1, 1, 1, 0, 1, 2, 1, 8, 1, 0, 1, 1, 0, 0, 0, 0, 2, 0, 3, 2, 2, 2, 1, 0, 1, 0, 0, 1, 3, 5, 0, 4, 1, 0, 0, 1, 2, 2, 2, 0, 1, 0, 2, 1, 0, 1, 1, 0, 2, 3, 0, 1, 3, 0, 0, 1, 0, 0, 0, 2, 0, 0, 1, 0, 3, 0, 3, 0, 2, 2, 1, 2, 1]"
2020-11-11 17:13:06,8800000000000,tester,m,40,165,72,-0.459,-0.884,-0.047,25.175,18.108,61.44,"[0, 0, 3, 1, 1, 0, 0, 3, 2, 1, 836, 1, 0, 1, 1, 3, 2, 2, 2, 0, 4, 0, 0, 1, 0, 0, 0, 0, 0, 0, 1, 1, 1, 1, 0, 0, 0, 0, 0, 0, 2, 3, 2, 1, 3, 0, 2, 0, 0, 0, 0, 0, 0, 0, 5, 2, 5, 2, 0, 1, 0, 2, 4, 2, 1, 0, 0, 0, 6, 0, 3, 2, 3, 1, 2, 2, 2, 3, 0, 1, 0, 1, 3, 2, 3, 2, 0, 2, 1, 2, 0, 2, 1, 1, 2, 0, 0, 4, 1, 1, 1, 1, 1, 2, 2, 0, 2, 0, 0, 1, 0, 0, 2, 1, 0, 0, 0, 1, 2, 2, 4, 0, 0, 2, 2, 1, 0, 0, 1, 0, 0, 0, 0, 0, 0, 1, 2, 3, 2, 1, 0, 1, 0, 2, 0, 1, 0, 4, 2, 3, 2, 2, 2, 2, 4, 4, 2, 0, 4, 1]"
2020-11-11 17:13:06,8800000000000,tester,m,40,165,72,-0.457,-0.883,-0.047,25.124,18.1,81.92,"[2, 3, 2, 2, 2, 0, 0, 0, 1, 0, 829, 1, 0, 1, 1, 2, 1, 1, 0, 0, 76, 1, 1, 1, 3, 0, 1, 1, 3, 0, 0, 0, 0, 0, 0, 0, 0, 0, 1, 2, 2, 0, 0, 0, 0, 2, 0, 2, 1, 0, 0, 0, 0, 0, 1, 3, 1, 0, 2, 0, 0, 1, 0, 2, 0, 2, 1, 0, 1, 0, 10, 4, 0, 2, 1, 0, 0, 0, 1, 10, 0, 1, 0, 1, 4, 4, 3, 4, 0, 2, 1, 2, 0, 1, 2, 0, 0, 1, 0, 1, 3, 0, 0, 2, 0, 3, 1, 3, 1, 1, 0, 0, 1, 0, 0, 0, 0, 0, 0, 2, 0, 0, 0, 1, 0, 0, 2, 1, 1, 6, 2, 1, 0, 0, 0, 1, 3, 2, 0, 0, 0, 0, 1, 0, 0, 2, 1, 0, 1, 1, 0, 1, 4, 4, 3, 1, 0, 1, 4, 3]"
2020-11-11 17:13:07,8800000000000,tester,m,40,165,72,-0.458,-0.88,-0.047,25.175,18.12,81.92,"[2, 3, 4, 0, 3, 1, 0, 4, 2, 1, 829, 0, 4, 1, 2, 2, 0, 0, 0, 0, 5, 0, 0, 2, 1, 2, 0, 0, 2, 0, 0, 1, 4, 3, 2, 0, 1, 2, 3, 1, 3, 0, 0, 1, 0, 3, 2, 1, 5, 0, 0, 2, 0, 1, 7, 1, 2, 3, 0, 2, 0, 1, 3, 2, 5, 4, 0, 1, 2, 0, 0, 0, 0, 0, 0, 1, 2, 1, 1, 0, 1, 2, 2, 1, 1, 2, 2, 3, 2, 0, 2, 4, 4, 2, 3, 4, 0, 1, 2, 2, 4, 1, 2, 1, 2, 2, 2, 0, 1, 4, 0, 1, 2, 0, 1, 0, 0, 0, 1, 2, 0, 0, 0, 0, 0, 0, 2, 0, 0, 1, 0, 0, 2, 0, 0, 3, 1, 0, 2, 0, 0, 0, 1, 1, 4, 1, 2, 4, 1, 2, 0, 0, 0, 1, 0, 0, 0, 0, 0, 0]"
2020-11-11 17:13:07,8800000000000,tester,m,40,165,72,-0.459,-0.883,-0.047,25.183,18.079,81.92,"[0, 0, 0, 1, 0, 2, 2, 0, 4, 3, 829, 2, 2, 1, 2, 0, 0, 2, 3, 3, 5, 0, 4, 2, 2, 2, 5, 2, 1, 0, 0, 2, 0, 0, 4, 1, 2, 0, 1, 3, 1, 1, 3, 2, 2, 5, 2, 2, 2, 0, 0, 0, 2, 2, 2, 0, 0, 0, 2, 2, 0, 0, 2, 2, 0, 3, 0, 1, 2, 2, 0, 0, 0, 0, 4, 0, 1, 0, 0, 0, 0, 0, 1, 1, 0, 0, 0, 1, 2, 0, 0, 2, 3, 3, 1, 4, 2, 3, 2, 2, 0, 1, 0, 1, 2, 3, 2, 3, 0, 4, 0, 3, 0, 2, 1, 0, 0, 0, 2, 2, 0, 1, 1, 0, 1, 1, 4, 1, 2, 2, 1, 0, 0, 0, 0, 2, 1, 0, 0, 4, 0, 0, 0, 0, 2, 0, 0, 1, 0, 1, 0, 0, 2, 3, 0, 2, 3, 3, 0, 0]"
2020-11-11 17:13:08,8800000000000,tester,m,40,165,72,-0.459,-0.881,-0.047,25.189,18.074,61.44,"[0, 0, 2, 2, 3, 1, 0, 2, 0, 0, 818, 0, 0, 1, 2, 0, 5, 2, 9, 1, 10, 0, 0, 0, 2, 4, 0, 4, 2, 3, 0, 1, 4, 2, 10, 3, 3, 0, 0, 5, 4, 0, 2, 2, 5, 0, 0, 0, 1, 3, 0, 2, 4, 1, 1, 0, 0, 0, 1, 0, 0, 0, 2, 0, 0, 7, 4, 3, 4, 0, 0, 0, 2, 1, 0, 2, 2, 0, 1, 5, 0, 0, 3, 1, 0, 0, 2, 0, 1, 1, 0, 0, 0, 1, 1, 0, 2, 1, 2, 2, 1, 0, 3, 4, 2, 3, 1, 0, 2, 1, 0, 1, 0, 0, 0, 0, 0, 2, 0, 0, 0, 1, 3, 1, 0, 0, 1, 26, 5, 3, 0, 3, 3, 3, 2, 0, 4, 2, 0, 1, 0, 0, 1, 0, 1, 6, 0, 2, 1, 2, 0, 0, 0, 0, 0, 3, 38, 2, 0, 2]"
2020-11-11 17:13:08,8800000000000,tester,m,40,165,72,-0.459,-0.881,-0.047,25.175,18.074,81.92,"[0, 0, 3, 1, 1, 0, 2, 3, 0, 3, 825, 0, 4, 1, 0, 0, 0, 1, 0, 2, 2, 2, 1, 1, 1, 2, 0, 2, 1, 2, 0, 0, 5, 0, 4, 3, 1, 2, 3, 1, 1, 1, 0, 2, 0, 0, 1, 3, 1, 7, 0, 0, 4, 0, 0, 0, 3, 2, 3, 2, 0, 1, 0, 1, 3, 0, 0, 0, 0, 0, 0, 2, 1, 1, 1, 0, 1, 0, 0, 0, 0, 0, 0, 0, 0, 0, 0, 3, 0, 2, 1, 0, 0, 2, 1, 0, 1, 0, 2, 0, 0, 0, 3, 2, 0, 0, 0, 1, 0, 2, 0, 3, 4, 0, 1, 1, 3, 1, 0, 3, 3, 0, 2, 2, 0, 3, 0, 0, 3, 1, 4, 0, 2, 2, 0, 1, 0, 1, 0, 2, 0, 0, 4, 2, 4, 1, 3, 2, 4, 2, 0, 0, 0, 1, 0, 0, 0, 0, 3, 0]"
2020-11-11 17:13:09,8800000000000,tester,m,40,165,72,-0.459,-0.883,-0.047,25.199,18.062,61.44,"[0, 1, 4, 0, 2, 0, 0, 2, 0, 1, 816, 0, 1, 1, 0, 1, 2, 2, 0, 1, 19, 1, 0, 2, 2, 0, 0, 0, 1, 1, 0, 0, 0, 5, 2, 4, 1, 1, 3, 2, 5, 1, 0, 1, 0, 0, 4, 1, 0, 1, 0, 0, 3, 1, 0, 3, 4, 0, 2, 2, 0, 1, 5, 8, 2, 2, 1, 0, 3, 3, 3, 1, 2, 1, 0, 1, 2, 0, 1, 0, 0, 0, 0, 1, 1, 1, 2, 0, 0, 1, 0, 0, 3, 1, 0, 3, 5, 2, 0, 1, 1, 1, 0, 2, 0, 4, 2, 2, 0, 0, 0, 0, 0, 1, 0, 0, 0, 1, 1, 0, 1, 3, 0, 0, 0, 0, 0, 3, 6, 1, 0, 1, 2, 1, 1, 2, 0, 3, 0, 1, 0, 0, 3, 2, 0, 0, 0, 2, 1, 0, 0, 0, 2, 2, 2, 4, 0, 1, 1, 0]"
2020-11-11 17:13:09,8800000000000,tester,m,40,165,72,-0.459,-0.883,-0.047,25.194,18.04,81.92,"[1, 1, 1, 0, 1, 0, 0, 0, 0, 1, 831, 0, 4, 1, 0, 0, 0, 0, 2, 0, 4, 0, 0, 2, 1, 0, 2, 1, 3, 1, 0, 0, 0, 1, 3, 0, 0, 1, 2, 1, 0, 0, 1, 2, 1, 5, 0, 15, 2, 0, 2, 2, 6, 0, 0, 3, 0, 3, 0, 2, 0, 0, 3, 2, 0, 4, 2, 0, 1, 2, 2, 1, 0, 2, 3, 1, 2, 2, 0, 3, 0, 1, 0, 1, 0, 1, 3, 0, 4, 0, 0, 0, 0, 2, 0, 0, 4, 1, 0, 2, 3, 1, 4, 2, 1, 0, 2, 2, 1, 1, 0, 0, 4, 0, 3, 10, 1, 2, 0, 4, 0, 0, 3, 2, 4, 2, 3, 0, 2, 3, 2, 1, 5, 3, 0, 5, 2, 0, 0, 1, 0, 1, 0, 0, 3, 6, 3, 1, 2, 3, 0, 0, 1, 0, 2, 1, 0, 0, 3, 2]"
2020-11-11 17:13:10,8800000000000,tester,m,40,165,72,-0.458,-0.882,-0.047,25.164,18.086,81.92,"[1, 1, 1, 1, 0, 2, 0, 1, 2, 3, 837, 1, 0, 0, 0, 3, 3, 0, 1, 0, 202, 0, 0, 0, 1, 3, 0, 0, 3, 2, 0, 0, 0, 2, 0, 1, 0, 2, 0, 2, 0, 2, 0, 1, 1, 3, 0, 0, 0, 0, 0, 0, 2, 1, 2, 2, 0, 4, 4, 2, 0, 2, 0, 2, 0, 2, 2, 1, 0, 1, 0, 2, 0, 2, 1, 2, 0, 3, 2, 0, 0, 2, 3, 2, 1, 2, 0, 1, 2, 2, 0, 0, 1, 1, 0, 1, 0, 0, 0, 0, 0, 0, 0, 0, 0, 17, 4, 0, 2, 2, 0, 0, 1, 2, 3, 0, 0, 1, 2, 0, 0, 0, 2, 1, 0, 0, 2, 1, 0, 1, 0, 0, 2, 2, 1, 2, 0, 2, 4, 2, 0, 0, 0, 2, 4, 0, 0, 5, 0, 1, 0, 0, 0, 2, 2, 0, 2, 0, 2, 1]"
2020-11-11 17:13:10,8800000000000,tester,m,40,165,72,-0.458,-0.882,-0.047,25.13,18.079,81.92,"[7, 0, 2, 2, 4, 0, 0, 2, 1, 2, 849, 1, 0, 9, 2, 3, 2, 0, 1, 0, 6, 0, 0, 0, 0, 0, 0, 0, 1, 0, 0, 0, 2, 2, 0, 0, 2, 2, 4, 3, 2, 1, 1, 1, 3, 1, 0, 2, 0, 1, 0, 0, 2, 1, 0, 0, 1, 1, 1, 0, 0, 0, 3, 2, 5, 5, 1, 1, 0, 1, 0, 0, 4, 0, 2, 0, 1, 2, 2, 1, 0, 0, 6, 0, 0, 1, 0, 1, 2, 2, 3, 1, 2, 2, 3, 2, 3, 3, 1, 2, 0, 0, 1, 0, 0, 4, 1, 2, 1, 0, 0, 0, 1, 0, 5, 0, 0, 1, 2, 2, 0, 0, 2, 2, 0, 0, 0, 0, 0, 1, 0, 0, 3, 1, 0, 3, 0, 2, 2, 0, 0, 0, 0, 1, 5, 3, 0, 3, 1, 3, 2, 2, 1, 2, 1, 4, 1, 0, 0, 1]"
2020-11-11 17:13:15,8800000000000,tester,m,40,165,72,-0.459,-0.884,-0.047,25.226,18.04,81.92,"[12, 0, 2, 2, 2, 0, 2, 0, 0, 0, 0, 1, 0, 2, 2, 0, 2, 1, 0, 2, 266, 1, 1, 2, 2, 1, 0, 0, 0, 0, 0, 0, 0, 0, 1, 3, 2, 0, 0, 1, 0, 0, 0, 0, 2, 0, 2, 4, 0, 0, 0, 0, 2, 0, 3, 0, 0, 0, 0, 2, 0, 0, 2, 2, 0, 0, 2, 0, 0, 1, 4, 2, 2, 3, 3, 2, 3, 0, 0, 3, 0, 0, 1, 0, 4, 0, 1, 3, 2, 0, 1, 0, 0, 2, 0, 0, 4, 2, 2, 0, 1, 0, 0, 0, 1, 1, 0, 4, 0, 0, 0, 0, 3, 0, 0, 0, 0, 5, 0, 1, 0, 0, 0, 1, 0, 0, 3, 0, 0, 0, 2, 0, 1, 2, 0, 0, 2, 0, 0, 0, 0, 0, 0, 2, 3, 0, 2, 1, 4, 5, 2, 3, 1, 4, 0, 0, 1, 4, 1, 2]"
2020-11-11 17:13:15,8800000000000,tester,m,40,165,72,-0.459,-0.884,-0.047,25.159,18.068,81.92,"[1, 2, 2, 2, 2, 0, 0, 5, 0, 1, 0, 1, 2, 1, 0, 0, 1, 0, 3, 2, 306, 2, 2, 2, 3, 2, 0, 0, 2, 1, 0, 0, 0, 1, 4, 0, 2, 0, 0, 1, 1, 0, 0, 1, 2, 13, 0, 0, 1, 2, 0, 1, 0, 1, 3, 1, 2, 0, 0, 0, 0, 0, 0, 2, 2, 0, 0, 4, 1, 0, 3, 1, 9, 2, 4, 1, 4, 5, 3, 2, 2, 1, 0, 0, 0, 1, 5, 1, 1, 1, 0, 1, 3, 0, 0, 2, 2, 0, 9, 1, 0, 2, 0, 2, 2, 2, 2, 2, 1, 0, 0, 0, 2, 0, 0, 0, 1, 3, 0, 2, 0, 0, 1, 1, 0, 2, 0, 0, 0, 3, 0, 0, 1, 1, 3, 3, 0, 1, 5, 1, 0, 0, 1, 0, 4, 0, 1, 0, 0, 1, 1, 2, 2, 0, 4, 1, 2, 3, 0, 2]"
2020-11-11 17:13:15,8800000000000,tester,m,40,165,72,-0.459,-0.884,-0.047,25.164,18.06,61.44,"[1, 2, 0, 1, 2, 1, 0, 1, 1, 3, 838, 1, 1, 1, 4, 0, 0, 2, 2, 2, 5, 0, 3, 3, 2, 3, 2, 2, 0, 0, 0, 0, 0, 0, 5, 0, 2, 0, 0, 1, 2, 0, 1, 1, 0, 0, 3, 2, 0, 4, 0, 2, 0, 1, 0, 0, 3, 2, 0, 0, 0, 0, 2, 2, 0, 1, 0, 2, 1, 1, 3, 2, 3, 2, 3, 1, 5, 3, 0, 0, 0, 2, 2, 1, 2, 3, 2, 0, 3, 1, 2, 1, 2, 2, 0, 0, 1, 2, 0, 2, 2, 0, 1, 0, 4, 3, 4, 1, 2, 1, 0, 1, 2, 1, 2, 2, 0, 0, 2, 1, 0, 0, 1, 1, 0, 0, 2, 0, 1, 2, 2, 1, 2, 0, 3, 1, 0, 3, 1, 0, 0, 2, 0, 2, 0, 1, 1, 1, 2, 1, 0, 0, 2, 2, 5, 1, 2, 2, 4, 1]"
2020-11-11 17:13:15,8800000000000,tester,m,40,165,72,-0.459,-0.884,-0.047,25.199,18.074,61.44,"[2, 3, 0, 3, 0, 3, 0, 0, 2, 0, 810, 0, 2, 0, 5, 4, 1, 0, 2, 1, 7, 2, 1, 2, 0, 0, 4, 1, 0, 2, 0, 0, 0, 0, 0, 0, 1, 2, 0, 1, 2, 0, 0, 1, 0, 1, 1, 1, 0, 2, 0, 1, 2, 2, 0, 1, 0, 0, 2, 4, 0, 0, 0, 1, 0, 0, 0, 2, 2, 1, 0, 1, 4, 1, 3, 2, 4, 1, 3, 2, 1, 2, 3, 3, 1, 49, 0, 1, 0, 1, 0, 3, 1, 3, 0, 0, 0, 4, 0, 0, 1, 2, 1, 1, 1, 1, 1, 4, 0, 3, 0, 2, 0, 0, 0, 0, 1, 0, 0, 0, 0, 0, 0, 0, 0, 2, 3, 0, 0, 0, 0, 1, 2, 2, 0, 8, 1, 2, 11, 0, 0, 0, 0, 3, 0, 2, 0, 0, 3, 0, 0, 0, 3, 4, 2, 8, 0, 1, 2, 2]"
2020-11-11 17:13:16,8800000000000,tester,m,40,165,72,-0.459,-0.884,-0.047,25.164,18.04,61.44,"[0, 2, 3, 2, 4, 1, 2, 0, 1, 0, 806, 1, 0, 1, 3, 0, 1, 0, 1, 2, 6, 2, 0, 2, 3, 3, 2, 0, 0, 2, 0, 0, 0, 1, 0, 1, 1, 2, 2, 0, 2, 0, 0, 0, 1, 2, 0, 2, 0, 0, 0, 1, 2, 2, 0, 6, 3, 2, 2, 1, 0, 0, 2, 1, 0, 1, 0, 4, 0, 0, 0, 0, 0, 1, 5, 3, 1, 0, 2, 2, 1, 1, 0, 1, 2, 0, 2, 1, 8, 0, 1, 3, 2, 4, 0, 0, 1, 0, 2, 2, 1, 1, 2, 3, 6, 0, 1, 2, 0, 2, 0, 1, 0, 1, 0, 0, 3, 0, 0, 1, 0, 0, 0, 0, 0, 0, 2, 1, 2, 4, 0, 0, 2, 6, 2, 2, 1, 0, 1, 0, 0, 0, 0, 1, 1, 0, 1, 0, 0, 2, 0, 0, 0, 0, 3, 0, 1, 6, 1, 2]"
2020-11-11 17:13:16,8800000000000,tester,m,40,165,72,-0.458,-0.883,-0.047,25.202,18.092,61.44,"[1, 1, 0, 3, 1, 2, 1, 3, 0, 2, 806, 0, 0, 1, 0, 0, 3, 1, 0, 1, 8, 0, 1, 1, 1, 0, 2, 0, 3, 2, 0, 1, 0, 2, 0, 1, 0, 0, 0, 1, 4, 0, 1, 1, 0, 2, 0, 2, 2, 0, 0, 0, 4, 1, 2, 2, 0, 1, 3, 2, 0, 0, 0, 1, 1, 0, 0, 41, 0, 0, 0, 0, 0, 1, 0, 2, 4, 2, 0, 4, 1, 1, 0, 3, 6, 3, 0, 1, 2, 3, 0, 1, 0, 3, 1, 0, 0, 1, 1, 1, 2, 0, 3, 0, 0, 0, 2, 2, 3, 0, 0, 2, 0, 3, 0, 1, 0, 0, 2, 0, 0, 1, 0, 0, 2, 3, 0, 2, 4, 2, 0, 0, 0, 1, 4, 3, 3, 2, 0, 1, 0, 1, 4, 2, 0, 0, 0, 0, 2, 1, 0, 0, 0, 1, 0, 1, 0, 3, 3, 3]"
2020-11-11 17:13:16,8800000000000,tester,m,40,165,72,-0.458,-0.883,-0.047,25.159,18.068,61.44,"[1, 2, 4, 1, 3, 0, 3, 2, 2, 1, 802, 1, 2, 1, 0, 0, 4, 0, 2, 2, 9, 0, 4, 2, 0, 1, 2, 2, 1, 2, 0, 1, 1, 2, 2, 2, 0, 2, 0, 0, 4, 0, 1, 2, 3, 0, 1, 0, 1, 1, 0, 0, 1, 2, 2, 2, 0, 2, 0, 2, 0, 0, 2, 2, 0, 0, 1, 11, 0, 1, 0, 0, 0, 0, 2, 0, 0, 4, 0, 3, 1, 2, 8, 0, 0, 2, 0, 1, 1, 2, 1, 0, 2, 3, 2, 0, 0, 10, 2, 0, 2, 0, 0, 2, 0, 0, 2, 2, 3, 0, 0, 0, 2, 3, 1, 0, 1, 1, 0, 0, 0, 0, 5, 0, 4, 2, 0, 4, 0, 1, 1, 1, 2, 0, 1, 3, 1, 0, 3, 0, 0, 1, 4, 3, 0, 2, 2, 0, 0, 0, 0, 1, 4, 2, 0, 0, 2, 1, 2, 2]"
2020-11-11 17:13:16,8800000000000,tester,m,40,165,72,-0.458,-0.883,-0.047,25.191,18.088,81.92,"[2, 2, 3, 0, 4, 2, 1, 1, 4, 2, 829, 1, 2, 3, 3, 0, 3, 1, 1, 0, 29, 0, 3, 2, 1, 0, 3, 0, 3, 0, 0, 3, 1, 5, 1, 1, 3, 1, 0, 0, 2, 0, 0, 1, 0, 0, 0, 0, 0, 0, 0, 0, 0, 0, 2, 1, 3, 2, 2, 1, 0, 0, 2, 1, 0, 4, 1, 1, 0, 1, 2, 0, 0, 0, 1, 1, 2, 0, 2, 2, 0, 0, 6, 2, 1, 4, 2, 0, 0, 1, 2, 0, 0, 2, 1, 2, 4, 0, 0, 2, 1, 0, 0, 2, 0, 0, 2, 2, 3, 2, 0, 0, 2, 1, 4, 0, 1, 2, 1, 0, 0, 0, 0, 2, 0, 0, 1, 1, 2, 0, 0, 0, 0, 2, 2, 2, 0, 1, 4, 1, 0, 0, 2, 2, 0, 0, 0, 0, 1, 0, 0, 0, 1, 1, 2, 1, 0, 0, 0, 2]"
2020-11-11 17:13:16,8800000000000,tester,m,40,165,72,-0.458,-0.883,-0.047,25.159,18.074,81.92,"[2, 1, 0, 4, 4, 1, 0, 3, 1, 0, 828, 1, 2, 3, 2, 2, 4, 0, 2, 1, 12, 0, 2, 1, 3, 2, 0, 0, 3, 0, 0, 2, 4, 0, 2, 3, 0, 0, 4, 1, 0, 0, 0, 2, 2, 0, 1, 3, 0, 0, 0, 0, 0, 0, 1, 1, 0, 0, 1, 1, 0, 0, 1, 1, 0, 8, 1, 0, 1, 0, 2, 0, 0, 2, 1, 1, 0, 1, 0, 0, 0, 1, 3, 2, 2, 0, 1, 0, 2, 2, 1, 1, 2, 4, 2, 0, 2, 2, 0, 2, 0, 0, 0, 1, 0, 0, 0, 2, 0, 1, 0, 2, 2, 2, 0, 3, 0, 2, 2, 2, 0, 1, 0, 1, 2, 0, 2, 0, 0, 0, 0, 0, 0, 0, 0, 2, 0, 2, 1, 1, 0, 0, 0, 2, 4, 0, 2, 1, 1, 0, 0, 0, 2, 0, 0, 0, 2, 0, 0, 1]"
2020-11-11 17:13:16,8800000000000,tester,m,40,165,72,-0.458,-0.883,-0.047,25.194,18.045,81.92,"[0, 0, 5, 1, 2, 2, 3, 7, 0, 0, 822, 1, 2, 3, 0, 0, 2, 1, 0, 2, 4, 0, 0, 0, 0, 2, 1, 2, 0, 3, 0, 0, 2, 1, 0, 0, 3, 0, 0, 1, 0, 0, 3, 2, 0, 0, 1, 3, 0, 0, 0, 0, 0, 2, 0, 0, 1, 0, 0, 0, 0, 0, 3, 2, 0, 2, 2, 0, 0, 2, 2, 1, 0, 3, 1, 0, 0, 0, 2, 0, 0, 0, 1, 4, 3, 0, 5, 2, 2, 2, 2, 1, 2, 1, 2, 6, 2, 1, 2, 0, 3, 1, 3, 0, 0, 2, 2, 3, 3, 0, 0, 1, 1, 1, 2, 1, 0, 1, 1, 1, 0, 1, 2, 0, 0, 0, 0, 0, 0, 1, 1, 0, 6, 1, 2, 1, 0, 0, 2, 0, 0, 0, 1, 2, 1, 0, 2, 0, 2, 1, 0, 0, 0, 0, 1, 0, 1, 4, 0, 3]"
2020-11-11 17:13:16,8800000000000,tester,m,40,165,72,-0.458,-0.883,-0.047,25.173,18.079,81.92,"[0, 0, 0, 2, 2, 4, 0, 2, 0, 2, 0, 1, 8, 2, 1, 2, 0, 1, 1, 2, 340, 0, 0, 1, 0, 2, 0, 1, 0, 2, 0, 2, 6, 2, 1, 3, 0, 0, 1, 2, 2, 2, 1, 1, 2, 2, 0, 1, 3, 0, 0, 0, 0, 0, 2, 1, 3, 1, 0, 1, 0, 1, 0, 1, 0, 0, 1, 2, 2, 1, 2, 1, 0, 0, 0, 3, 1, 0, 2, 0, 0, 0, 0, 0, 3, 2, 0, 0, 2, 3, 4, 3, 4, 3, 0, 1, 1, 2, 1, 0, 2, 1, 0, 1, 1, 3, 0, 3, 2, 0, 0, 0, 1, 1, 2, 4, 1, 1, 2, 1, 0, 2, 4, 2, 2, 2, 1, 0, 0, 0, 0, 0, 0, 0, 0, 0, 0, 2, 1, 2, 0, 0, 2, 1, 0, 0, 1, 2, 2, 2, 0, 2, 0, 2, 1, 1, 0, 1, 3, 1]"
2020-11-11 17:13:16,8800000000000,tester,m,40,165,72,-0.458,-0.883,-0.047,25.143,18.068,81.92,"[0, 0, 0, 2, 1, 0, 0, 2, 4, 1, 831, 1, 2, 1, 5, 2, 1, 0, 1, 1, 1, 1, 2, 3, 1, 2, 1, 0, 2, 0, 0, 1, 5, 2, 2, 2, 0, 0, 1, 4, 3, 2, 3, 1, 0, 1, 1, 2, 0, 0, 0, 0, 0, 0, 0, 3, 0, 2, 0, 0, 0, 0, 1, 0, 2, 2, 0, 0, 0, 2, 0, 2, 0, 0, 0, 1, 0, 0, 3, 0, 0, 0, 3, 1, 0, 1, 5, 4, 3, 3, 0, 2, 5, 2, 2, 2, 3, 0, 0, 0, 2, 2, 1, 2, 0, 2, 2, 2, 0, 6, 0, 0, 0, 2, 1, 0, 7, 0, 2, 2, 1, 0, 3, 4, 1, 3, 2, 0, 1, 0, 0, 0, 2, 2, 0, 1, 2, 0, 3, 3, 0, 0, 0, 0, 4, 0, 1, 0, 0, 0, 0, 1, 1, 0, 1, 2, 2, 2, 0, 0]"
2020-11-11 17:13:16,8800000000000,tester,m,40,165,72,-0.458,-0.884,-0.047,25.189,18.079,61.44,"[0, 1, 4, 1, 0, 0, 1, 7, 3, 3, 834, 2, 0, 1, 0, 2, 3, 0, 0, 1, 6, 1, 0, 0, 3, 0, 2, 3, 2, 0, 0, 2, 1, 2, 1, 4, 1, 0, 2, 2, 3, 0, 1, 2, 0, 0, 3, 4, 1, 0, 0, 0, 0, 1, 4, 0, 2, 0, 1, 0, 0, 2, 3, 2, 0, 0, 1, 1, 0, 1, 0, 1, 0, 2, 1, 1, 0, 0, 0, 1, 0, 1, 2, 1, 0, 0, 2, 1, 0, 1, 2, 1, 4, 1, 3, 2, 0, 0, 2, 1, 4, 1, 2, 1, 2, 4, 1, 1, 1, 2, 0, 1, 0, 2, 2, 0, 3, 2, 2, 1, 0, 1, 2, 3, 0, 0, 1, 1, 1, 0, 0, 0, 3, 0, 2, 2, 0, 0, 3, 1, 0, 0, 2, 2, 2, 1, 1, 2, 1, 1, 0, 0, 3, 2, 0, 1, 1, 2, 0, 1]"
2020-11-11 17:13:16,8800000000000,tester,m,40,165,72,-0.458,-0.884,-0.047,25.189,18.048,61.44,"[0, 0, 2, 1, 0, 1, 0, 1, 2, 2, 835, 0, 2, 2, 2, 3, 1, 0, 2, 2, 7, 3, 3, 2, 2, 3, 3, 0, 2, 0, 0, 2, 1, 1, 4, 1, 2, 3, 1, 1, 3, 0, 0, 1, 4, 3, 4, 4, 1, 1, 0, 0, 0, 2, 0, 0, 0, 0, 3, 0, 0, 0, 4, 0, 1, 2, 0, 0, 1, 0, 3, 0, 2, 1, 2, 2, 1, 1, 2, 2, 0, 1, 1, 0, 0, 2, 0, 0, 5, 0, 1, 3, 1, 1, 2, 0, 3, 3, 2, 0, 1, 1, 12, 1, 0, 2, 3, 2, 1, 1, 0, 2, 4, 2, 2, 1, 4, 2, 0, 1, 0, 2, 2, 2, 1, 1, 2, 2, 0, 1, 0, 0, 0, 0, 0, 0, 1, 0, 0, 2, 0, 0, 0, 1, 0, 0, 0, 0, 5, 4, 0, 0, 1, 0, 2, 1, 2, 0, 2, 0]"
2020-11-11 17:13:17,8800000000000,tester,m,40,165,72,-0.458,-0.884,-0.047,25.202,18.059,61.44,"[0, 0, 2, 2, 0, 1, 1, 0, 3, 2, 829, 0, 3, 2, 3, 2, 1, 3, 2, 2, 8, 0, 3, 3, 3, 4, 2, 2, 0, 0, 0, 1, 1, 2, 0, 1, 1, 2, 1, 1, 3, 0, 2, 2, 4, 2, 3, 1, 2, 1, 0, 0, 1, 0, 1, 0, 0, 2, 2, 0, 0, 0, 2, 1, 0, 0, 0, 0, 1, 1, 1, 1, 1, 0, 0, 0, 0, 2, 1, 2, 0, 2, 0, 0, 1, 2, 2, 0, 2, 2, 0, 1, 0, 2, 7, 2, 1, 0, 4, 0, 3, 2, 3, 2, 2, 2, 2, 0, 2, 1, 0, 1, 1, 2, 4, 0, 3, 0, 1, 0, 1, 1, 5, 2, 5, 2, 1, 0, 0, 2, 1, 2, 0, 1, 1, 2, 0, 2, 0, 0, 0, 2, 3, 0, 0, 0, 2, 1, 0, 2, 0, 0, 4, 0, 3, 0, 0, 3, 2, 1]"
2020-11-11 17:13:17,8800000000000,tester,m,40,165,72,-0.458,-0.884,-0.047,25.148,18.068,61.44,"[1, 0, 0, 2, 0, 0, 0, 2, 0, 2, 825, 2, 0, 2, 1, 3, 0, 0, 2, 1, 17, 1, 1, 3, 1, 0, 0, 3, 0, 0, 0, 2, 2, 1, 0, 3, 2, 2, 0, 3, 5, 1, 2, 2, 0, 0, 0, 1, 2, 3, 0, 1, 0, 0, 0, 0, 2, 2, 0, 0, 0, 1, 0, 0, 2, 1, 1, 3, 0, 1, 4, 1, 11, 2, 0, 0, 1, 2, 0, 2, 0, 0, 0, 2, 2, 4, 2, 0, 0, 1, 0, 1, 1, 3, 2, 2, 3, 2, 0, 3, 3, 2, 0, 2, 2, 0, 1, 3, 0, 1, 0, 0, 4, 8, 4, 3, 2, 3, 3, 0, 0, 1, 3, 2, 3, 1, 2, 0, 0, 0, 1, 2, 0, 1, 0, 1, 0, 0, 1, 0, 0, 0, 0, 0, 4, 0, 0, 2, 2, 2, 0, 1, 3, 0, 0, 2, 0, 2, 0, 0]"
2020-11-11 17:13:17,8800000000000,tester,m,40,165,72,-0.458,-0.884,-0.047,25.189,18.062,81.92,"[1, 1, 3, 2, 0, 0, 1, 3, 0, 1, 826, 0, 0, 2, 1, 0, 0, 2, 3, 0, 41, 2, 1, 1, 3, 0, 2, 0, 2, 2, 0, 3, 0, 2, 0, 2, 0, 0, 0, 0, 6, 2, 0, 0, 3, 3, 1, 3, 1, 2, 0, 1, 3, 1, 0, 0, 0, 2, 3, 0, 0, 0, 0, 0, 3, 1, 0, 4, 0, 1, 1, 0, 0, 1, 2, 2, 3, 0, 1, 0, 0, 0, 1, 0, 1, 1, 3, 0, 0, 0, 1, 0, 1, 3, 0, 2, 3, 2, 2, 1, 2, 2, 2, 3, 3, 0, 0, 1, 1, 3, 0, 2, 1, 2, 0, 2, 0, 3, 0, 1, 0, 0, 0, 4, 3, 0, 0, 0, 5, 3, 2, 1, 0, 1, 2, 0, 0, 0, 1, 0, 0, 0, 0, 1, 3, 0, 0, 1, 3, 0, 0, 0, 3, 1, 0, 1, 1, 2, 1, 2]"
2020-11-11 17:13:17,8800000000000,tester,m,40,165,72,-0.458,-0.884,-0.047,25.183,18.074,81.92,"[0, 0, 17, 0, 3, 2, 3, 0, 0, 2, 895, 0, 1, 2, 0, 1, 0, 4, 0, 3, 6, 2, 0, 2, 3, 3, 0, 2, 0, 0, 1, 0, 0, 1, 2, 0, 2, 0, 3, 1, 2, 1, 1, 3, 1, 0, 2, 3, 1, 1, 0, 1, 0, 1, 3, 0, 2, 0, 2, 0, 0, 0, 2, 2, 2, 0, 0, 0, 1, 2, 2, 0, 2, 2, 2, 3, 1, 1, 0, 1, 0, 0, 2, 0, 3, 1, 0, 4, 3, 2, 0, 0, 2, 2, 0, 0, 2, 3, 1, 1, 3, 3, 2, 4, 1, 6, 4, 29, 0, 3, 0, 1, 2, 2, 1, 2, 0, 1, 0, 1, 0, 2, 2, 1, 3, 4, 2, 1, 0, 4, 2, 1, 1, 0, 0, 0, 2, 0, 1, 0, 0, 0, 0, 0, 1, 0, 1, 3, 2, 1, 0, 2, 0, 0, 4, 2, 5, 0, 2, 3]"
2020-11-11 17:13:17,8800000000000,tester,m,40,165,72,-0.457,-0.884,-0.047,25.132,18.048,81.92,"[0, 0, 3, 1, 0, 1, 0, 0, 0, 0, 867, 0, 0, 1, 0, 0, 3, 4, 1, 4, 4, 0, 1, 3, 2, 2, 15, 2, 1, 2, 2, 1, 0, 2, 3, 2, 0, 3, 0, 2, 0, 1, 3, 1, 2, 12, 0, 1, 3, 2, 1, 0, 3, 1, 1, 0, 2, 2, 1, 0, 0, 0, 2, 0, 0, 0, 0, 2, 2, 0, 0, 0, 1, 2, 2, 0, 1, 0, 3, 5, 0, 2, 3, 1, 1, 2, 4, 1, 0, 0, 0, 0, 0, 0, 0, 4, 1, 2, 0, 1, 1, 0, 3, 3, 3, 1, 4, 3, 1, 1, 0, 3, 0, 1, 2, 0, 0, 3, 0, 1, 0, 2, 0, 1, 4, 2, 0, 2, 2, 2, 3, 1, 3, 2, 2, 2, 2, 3, 0, 0, 0, 0, 3, 0, 0, 1, 2, 2, 2, 1, 0, 1, 0, 3, 0, 3, 1, 4, 2, 0]"
2020-11-11 17:13:17,8800000000000,tester,m,40,165,72,-0.457,-0.884,-0.047,25.138,18.068,81.92,"[0, 1, 3, 0, 0, 1, 0, 0, 1, 2, 834, 0, 3, 3, 0, 0, 2, 2, 1, 2, 5, 2, 0, 5, 0, 1, 0, 0, 2, 2, 0, 1, 0, 1, 3, 4, 1, 2, 4, 1, 0, 2, 4, 1, 3, 0, 0, 2, 3, 2, 0, 0, 1, 1, 3, 3, 1, 1, 0, 1, 0, 0, 0, 2, 0, 3, 1, 3, 3, 0, 0, 0, 0, 0, 0, 0, 2, 0, 0, 3, 0, 0, 0, 2, 1, 0, 0, 0, 2, 1, 0, 0, 0, 2, 1, 1, 2, 2, 1, 0, 1, 2, 4, 1, 2, 0, 3, 2, 2, 0, 0, 0, 2, 0, 0, 0, 2, 2, 2, 1, 0, 1, 4, 2, 1, 1, 1, 1, 0, 3, 0, 2, 0, 0, 2, 0, 2, 1, 0, 1, 0, 1, 3, 2, 2, 16, 0, 0, 0, 3, 2, 0, 0, 2, 3, 0, 0, 2, 0, 1]"
2020-11-11 17:13:17,8800000000000,tester,m,40,165,72,-0.457,-0.884,-0.047,25.143,18.082,81.92,"[0, 1, 0, 1, 3, 2, 0, 0, 1, 2, 831, 0, 1, 0, 0, 0, 3, 0, 0, 0, 4, 4, 2, 1, 1, 1, 2, 2, 0, 1, 1, 2, 0, 2, 9, 0, 0, 0, 4, 1, 0, 0, 2, 0, 6, 0, 1, 0, 4, 0, 0, 0, 3, 3, 0, 0, 2, 0, 0, 2, 0, 1, 0, 2, 0, 3, 0, 0, 0, 3, 0, 0, 0, 2, 0, 2, 0, 1, 3, 1, 0, 1, 4, 2, 4, 0, 0, 0, 2, 2, 0, 0, 1, 2, 0, 3, 4, 0, 0, 0, 0, 0, 2, 2, 1, 0, 2, 3, 1, 2, 8, 2, 2, 2, 0, 0, 3, 1, 1, 1, 0, 0, 0, 1, 1, 1, 0, 0, 2, 1, 0, 1, 0, 2, 0, 0, 3, 2, 1, 0, 0, 2, 4, 1, 0, 1, 0, 0, 2, 0, 0, 0, 1, 0, 0, 0, 2, 0, 0, 0]"
2020-11-11 17:13:17,8800000000000,tester,m,40,165,72,-0.457,-0.884,-0.047,25.138,18.045,81.92,"[0, 0, 4, 0, 1, 2, 0, 0, 0, 0, 829, 0, 2, 0, 3, 3, 2, 0, 0, 0, 4, 0, 2, 3, 0, 0, 4, 1, 5, 4, 0, 2, 2, 2, 1, 0, 0, 0, 4, 2, 3, 2, 2, 2, 1, 0, 3, 0, 0, 1, 0, 1, 0, 1, 0, 0, 3, 1, 0, 0, 0, 1, 3, 0, 0, 1, 0, 0, 4, 0, 0, 0, 0, 1, 1, 0, 1, 0, 1, 1, 0, 0, 0, 1, 6, 1, 1, 2, 2, 0, 0, 0, 4, 1, 2, 0, 0, 3, 2, 0, 0, 0, 2, 0, 1, 3, 3, 5, 0, 2, 1, 3, 3, 3, 1, 6, 3, 0, 0, 1, 0, 2, 0, 3, 5, 1, 0, 5, 0, 2, 0, 1, 2, 0, 2, 2, 2, 0, 0, 1, 0, 1, 1, 1, 0, 0, 1, 1, 1, 0, 0, 0, 1, 0, 3, 2, 2, 1, 0, 0]"
2020-11-11 17:13:17,8800000000000,tester,m,40,165,72,-0.457,-0.884,-0.047,25.175,18.048,61.44,"[1, 0, 0, 0, 3, 0, 0, 6, 0, 1, 830, 0, 0, 1, 0, 1, 1, 2, 1, 1, 6, 0, 0, 1, 4, 4, 0, 1, 2, 2, 1, 3, 0, 0, 2, 1, 1, 1, 2, 2, 3, 1, 2, 0, 0, 3, 1, 1, 1, 2, 1, 1, 0, 2, 2, 3, 0, 0, 0, 0, 0, 0, 2, 2, 2, 4, 0, 0, 0, 0, 1, 0, 0, 1, 2, 2, 3, 0, 0, 2, 0, 0, 0, 0, 0, 2, 2, 0, 1, 0, 0, 1, 0, 2, 0, 4, 0, 0, 2, 0, 0, 0, 4, 0, 0, 3, 2, 1, 2, 4, 0, 3, 1, 0, 4, 1, 1, 1, 0, 3, 0, 1, 4, 0, 0, 3, 0, 0, 1, 2, 1, 1, 2, 1, 0, 0, 2, 1, 0, 0, 0, 0, 1, 2, 3, 4, 0, 0, 1, 0, 0, 0, 0, 2, 0, 0, 0, 2, 0, 0]"
2020-11-11 17:13:17,8800000000000,tester,m,40,165,72,-0.457,-0.884,-0.047,25.202,18.048,61.44,"[0, 0, 0, 1, 0, 1, 4, 2, 0, 3, 830, 0, 3, 0, 2, 0, 0, 1, 1, 2, 10, 0, 0, 1, 0, 0, 0, 4, 1, 1, 0, 3, 2, 2, 0, 3, 2, 1, 0, 2, 4, 2, 1, 1, 3, 2, 1, 0, 1, 2, 0, 3, 2, 2, 4, 4, 2, 5, 2, 1, 0, 1, 2, 1, 3, 0, 0, 0, 0, 0, 0, 0, 0, 0, 1, 0, 0, 0, 3, 2, 0, 0, 2, 0, 1, 0, 0, 2, 0, 1, 0, 0, 2, 2, 1, 0, 0, 0, 0, 0, 0, 1, 0, 1, 0, 1, 0, 0, 0, 1, 1, 3, 7, 1, 1, 3, 1, 0, 5, 1, 0, 1, 0, 2, 0, 1, 0, 2, 0, 0, 0, 0, 2, 2, 2, 2, 3, 1, 1, 2, 0, 2, 2, 2, 3, 1, 1, 1, 0, 0, 0, 0, 0, 1, 0, 0, 1, 0, 0, 0]"
2020-11-11 17:13:18,8800000000000,tester,m,40,165,72,-0.457,-0.884,-0.047,25.199,18.048,61.44,"[0, 0, 2, 1, 2, 11, 1, 3, 0, 2, 827, 2, 0, 1, 0, 0, 0, 0, 1, 0, 104, 0, 1, 1, 1, 0, 2, 3, 0, 2, 2, 1, 6, 3, 1, 5, 0, 2, 0, 0, 4, 2, 2, 2, 0, 2, 2, 0, 1, 1, 0, 2, 1, 2, 3, 0, 4, 2, 0, 3, 0, 0, 0, 3, 1, 2, 1, 3, 0, 0, 0, 0, 0, 1, 2, 0, 0, 3, 2, 0, 0, 0, 0, 1, 2, 1, 0, 4, 2, 2, 2, 1, 0, 1, 0, 0, 2, 2, 0, 0, 0, 1, 0, 1, 2, 2, 0, 1, 2, 0, 0, 1, 1, 2, 3, 0, 0, 2, 0, 2, 0, 1, 0, 4, 4, 0, 2, 2, 0, 1, 1, 2, 0, 0, 2, 2, 1, 0, 2, 2, 0, 0, 1, 0, 3, 1, 0, 0, 2, 0, 0, 0, 2, 0, 1, 1, 0, 0, 0, 1]"
2020-11-11 17:13:18,8800000000000,tester,m,40,165,72,-0.452,-0.88,-0.047,25.183,18.053,61.44,"[0, 2, 0, 0, 2, 1, 0, 1, 0, 0, 826, 0, 0, 1, 0, 1, 0, 0, 1, 0, 59, 0, 1, 0, 0, 1, 2, 3, 0, 0, 0, 2, 5, 3, 1, 3, 3, 0, 1, 1, 7, 1, 0, 1, 4, 1, 0, 2, 3, 2, 0, 0, 5, 2, 2, 3, 1, 0, 2, 2, 0, 0, 1, 2, 4, 0, 3, 3, 4, 1, 0, 1, 0, 1, 0, 0, 3, 0, 0, 0, 0, 0, 3, 1, 0, 0, 1, 1, 2, 0, 3, 0, 0, 2, 2, 0, 0, 1, 1, 1, 1, 0, 0, 0, 1, 2, 0, 0, 1, 0, 0, 0, 1, 3, 3, 3, 0, 2, 2, 1, 1, 3, 0, 2, 5, 2, 0, 1, 1, 1, 0, 0, 4, 0, 2, 0, 0, 1, 0, 2, 0, 1, 4, 1, 0, 1, 0, 1, 0, 1, 1, 2, 0, 2, 0, 0, 1, 1, 4, 0]"
2020-11-11 17:13:18,8800000000000,tester,m,40,165,72,-0.452,-0.88,-0.047,25.173,18.059,81.92,"[8, 0, 0, 2, 3, 0, 0, 2, 2, 2, 825, 0, 0, 2, 1, 0, 1, 0, 2, 0, 839, 0, 0, 1, 0, 2, 2, 0, 2, 0, 0, 2, 0, 3, 1, 2, 0, 3, 0, 2, 4, 1, 0, 1, 1, 2, 1, 0, 1, 1, 2, 0, 0, 0, 0, 2, 0, 4, 1, 2, 0, 3, 0, 3, 7, 2, 1, 3, 1, 2, 0, 0, 1, 1, 0, 2, 0, 1, 0, 1, 0, 0, 2, 2, 0, 2, 2, 0, 0, 0, 3, 0, 0, 1, 0, 1, 0, 0, 1, 0, 1, 0, 12, 0, 4, 2, 2, 2, 0, 0, 0, 1, 4, 3, 3, 1, 1, 0, 3, 3, 0, 2, 0, 0, 3, 2, 2, 2, 4, 1, 1, 1, 1, 0, 1, 0, 2, 2, 3, 2, 0, 2, 4, 1, 3, 5, 1, 2, 4, 3, 0, 0, 3, 1, 4, 0, 0, 1, 0, 0]"
2020-11-11 17:13:18,8800000000000,tester,m,40,165,72,-0.452,-0.88,-0.047,25.122,18.066,81.92,"[0, 0, 1, 0, 1, 0, 0, 0, 1, 0, 0, 0, 4, 0, 0, 0, 0, 1, 0, 1, 180, 0, 2, 0, 0, 0, 2, 0, 0, 0, 0, 0, 0, 1, 0, 3, 2, 0, 2, 1, 2, 0, 3, 2, 2, 0, 0, 2, 3, 2, 0, 0, 2, 2, 1, 2, 4, 0, 1, 0, 0, 2, 1, 2, 1, 2, 2, 0, 1, 0, 2, 1, 0, 1, 0, 0, 0, 0, 0, 1, 0, 0, 0, 2, 0, 1, 2, 0, 1, 1, 0, 0, 0, 0, 6, 1, 5, 0, 1, 1, 0, 0, 2, 0, 0, 1, 0, 0, 2, 0, 0, 0, 3, 0, 0, 0, 3, 4, 3, 3, 0, 1, 2, 2, 5, 1, 2, 2, 4, 1, 2, 1, 2, 2, 0, 8, 0, 0, 5, 2, 0, 2, 3, 1, 0, 0, 2, 1, 0, 1, 1, 1, 4, 1, 0, 1, 0, 0, 0, 0]"
2020-11-11 17:13:18,8800000000000,tester,m,40,165,72,-0.452,-0.88,-0.047,25.175,18.059,81.92,"[0, 0, 0, 0, 2, 1, 0, 1, 0, 0, 836, 0, 6, 2, 2, 1, 0, 2, 1, 0, 0, 1, 2, 1, 0, 0, 0, 1, 0, 0, 0, 1, 2, 0, 0, 0, 0, 2, 1, 3, 3, 1, 4, 2, 3, 2, 3, 3, 2, 1, 2, 1, 3, 1, 0, 41, 0, 1, 0, 0, 0, 1, 0, 1, 6, 1, 2, 1, 1, 3, 2, 4, 2, 1, 5, 0, 1, 0, 1, 1, 0, 0, 0, 0, 0, 0, 0, 0, 0, 0, 0, 0, 0, 0, 2, 0, 1, 1, 2, 0, 0, 0, 1, 1, 2, 0, 1, 0, 1, 2, 0, 0, 0, 0, 0, 2, 2, 7, 0, 2, 0, 2, 0, 2, 3, 1, 6, 2, 2, 0, 3, 1, 4, 1, 0, 2, 0, 0, 4, 0, 0, 1, 0, 1, 0, 2, 1, 1, 2, 2, 0, 0, 2, 1, 2, 1, 0, 1, 2, 0]"
2020-11-11 17:13:18,8800000000000,tester,m,40,165,72,-0.452,-0.88,-0.047,25.122,18.048,81.92,"[0, 0, 0, 1, 0, 6, 3, 0, 1, 0, 831, 0, 1, 0, 6, 2, 2, 0, 3, 4, 3, 0, 2, 2, 1, 0, 4, 1, 1, 0, 0, 0, 1, 1, 2, 1, 5, 2, 1, 2, 4, 2, 0, 2, 2, 2, 1, 0, 4, 1, 0, 0, 3, 1, 1, 1, 0, 0, 2, 0, 0, 0, 1, 2, 0, 1, 0, 0, 1, 1, 1, 0, 0, 1, 0, 4, 2, 0, 0, 0, 0, 0, 0, 1, 0, 0, 0, 0, 3, 0, 0, 0, 0, 0, 0, 2, 1, 0, 0, 1, 0, 0, 0, 0, 1, 0, 0, 2, 2, 0, 0, 0, 2, 0, 1, 2, 3, 0, 0, 2, 1, 3, 3, 4, 2, 0, 4, 0, 0, 0, 2, 2, 4, 2, 1, 0, 2, 0, 0, 3, 0, 2, 0, 2, 2, 0, 2, 2, 2, 4, 0, 0, 0, 2, 4, 0, 3, 2, 0, 3]"
2020-11-11 17:13:18,8800000000000,tester,m,40,165,72,-0.452,-0.88,-0.047,25.138,18.059,81.92,"[0, 0, 0, 0, 0, 0, 2, 0, 1, 2, 832, 0, 2, 1, 1, 3, 1, 1, 0, 1, 3, 0, 0, 0, 0, 0, 0, 1, 3, 1, 0, 1, 0, 0, 3, 0, 0, 0, 0, 3, 5, 2, 1, 1, 0, 0, 1, 3, 0, 3, 0, 2, 2, 2, 1, 3, 0, 0, 9, 2, 0, 0, 0, 0, 1, 1, 0, 0, 0, 1, 0, 1, 2, 1, 0, 2, 0, 0, 3, 4, 0, 0, 0, 0, 1, 2, 0, 1, 0, 0, 0, 0, 0, 0, 0, 0, 0, 1, 1, 0, 0, 0, 1, 3, 0, 0, 0, 1, 2, 1, 0, 0, 0, 0, 0, 0, 0, 1, 3, 0, 0, 2, 4, 6, 2, 0, 1, 1, 3, 2, 0, 1, 3, 2, 2, 2, 3, 1, 1, 1, 0, 0, 1, 0, 0, 0, 1, 2, 2, 1, 0, 2, 28, 2, 0, 3, 2, 0, 1, 2]"
2020-11-11 17:13:18,8800000000000,tester,m,40,165,72,-0.458,-0.878,-0.047,25.173,18.074,81.92,"[2, 0, 0, 2, 1, 4, 1, 0, 0, 0, 826, 0, 0, 1, 2, 2, 0, 0, 1, 1, 8, 0, 0, 2, 1, 0, 0, 2, 0, 1, 0, 1, 2, 1, 1, 2, 3, 3, 1, 2, 3, 1, 5, 2, 2, 5, 0, 0, 3, 0, 1, 0, 6, 0, 4, 1, 0, 2, 0, 0, 0, 2, 0, 0, 6, 1, 0, 2, 3, 1, 1, 1, 1, 1, 0, 0, 4, 0, 1, 4, 0, 0, 4, 0, 0, 2, 1, 3, 1, 2, 0, 0, 3, 0, 1, 0, 0, 2, 1, 2, 1, 0, 0, 0, 0, 0, 2, 0, 0, 3, 0, 0, 3, 1, 0, 0, 2, 2, 2, 1, 0, 0, 3, 3, 2, 2, 0, 1, 2, 0, 0, 2, 3, 2, 1, 1, 2, 0, 0, 0, 0, 0, 0, 0, 0, 1, 2, 2, 1, 1, 0, 2, 0, 2, 3, 1, 0, 6, 4, 2]"
2020-11-11 17:13:18,8800000000000,tester,m,40,165,72,-0.458,-0.878,-0.047,25.181,18.06,61.44,"[0, 3, 0, 0, 2, 2, 0, 0, 0, 1, 830, 0, 0, 1, 2, 1, 2, 1, 3, 2, 12, 0, 0, 0, 2, 4, 1, 1, 2, 0, 0, 0, 0, 2, 2, 1, 0, 1, 1, 2, 2, 0, 0, 0, 2, 1, 2, 3, 3, 4, 0, 2, 0, 2, 0, 3, 1, 1, 3, 1, 0, 2, 2, 2, 2, 10, 0, 2, 2, 0, 1, 2, 4, 3, 2, 3, 3, 1, 3, 1, 0, 2, 2, 2, 2, 2, 0, 1, 0, 1, 0, 0, 0, 0, 0, 2, 0, 2, 0, 1, 0, 0, 0, 2, 1, 4, 0, 3, 1, 0, 0, 0, 0, 3, 0, 0, 0, 0, 2, 0, 0, 0, 0, 2, 0, 0, 2, 1, 5, 2, 4, 1, 1, 2, 0, 0, 2, 0, 4, 0, 0, 0, 0, 1, 1, 0, 0, 3, 1, 2, 0, 0, 0, 2, 5, 0, 1, 2, 0, 3]"
2020-11-11 17:13:18,8800000000000,tester,m,40,165,72,-0.458,-0.878,-0.047,25.143,18.092,61.44,"[0, 2, 3, 0, 0, 1, 0, 1, 2, 2, 828, 0, 2, 1, 2, 0, 1, 1, 1, 1, 30, 1, 1, 0, 4, 1, 2, 0, 2, 0, 0, 0, 0, 0, 0, 1, 1, 0, 0, 2, 4, 0, 0, 3, 2, 2, 2, 0, 1, 3, 1, 1, 17, 3, 0, 4, 5, 3, 0, 1, 0, 0, 1, 0, 3, 3, 0, 3, 2, 0, 2, 0, 1, 2, 0, 1, 0, 1, 3, 3, 0, 1, 4, 1, 0, 0, 0, 0, 0, 0, 0, 1, 0, 0, 1, 0, 0, 1, 4, 0, 0, 0, 0, 1, 2, 3, 0, 10, 2, 0, 0, 0, 1, 0, 3, 1, 1, 0, 0, 0, 0, 0, 2, 0, 3, 1, 4, 2, 3, 3, 2, 2, 0, 3, 3, 2, 3, 3, 0, 3, 0, 0, 0, 0, 0, 2, 2, 0, 0, 2, 0, 0, 1, 2, 0, 2, 0, 3, 2, 2]"
2020-11-11 17:13:19,8800000000000,tester,m,40,165,72,-0.458,-0.878,-0.047,25.173,18.066,61.44,"[1, 3, 0, 1, 3, 0, 0, 0, 3, 0, 823, 0, 0, 0, 0, 0, 2, 0, 0, 1, 348, 0, 4, 1, 3, 0, 0, 0, 0, 0, 0, 1, 0, 1, 3, 1, 1, 0, 1, 0, 1, 2, 0, 0, 2, 1, 1, 14, 1, 2, 0, 2, 3, 3, 2, 1, 0, 1, 2, 0, 0, 2, 0, 3, 2, 0, 1, 1, 4, 3, 0, 1, 2, 3, 3, 1, 0, 3, 2, 2, 0, 0, 2, 2, 2, 2, 3, 5, 0, 0, 0, 0, 2, 0, 0, 1, 2, 0, 0, 0, 0, 0, 2, 1, 0, 0, 1, 3, 2, 0, 0, 1, 0, 1, 0, 2, 0, 1, 0, 0, 0, 1, 2, 1, 0, 0, 2, 0, 2, 0, 4, 1, 2, 3, 2, 2, 1, 0, 2, 1, 0, 2, 0, 3, 2, 0, 2, 3, 1, 4, 1, 2, 3, 16, 4, 2, 0, 1, 2, 0]"
2020-11-11 17:13:19,8800000000000,tester,m,40,165,72,-0.458,-0.878,-0.047,25.191,18.053,61.44,"[2, 0, 2, 2, 1, 3, 3, 0, 0, 0, 814, 0, 1, 0, 0, 0, 0, 2, 0, 2, 1, 0, 1, 1, 1, 1, 0, 0, 1, 0, 0, 0, 0, 0, 1, 2, 0, 4, 0, 2, 0, 0, 0, 0, 0, 0, 0, 3, 2, 2, 3, 4, 0, 1, 5, 2, 0, 1, 3, 1, 0, 2, 1, 2, 0, 4, 3, 0, 0, 0, 3, 0, 0, 0, 0, 2, 2, 3, 3, 4, 0, 1, 3, 1, 4, 0, 0, 2, 3, 1, 0, 0, 1, 0, 0, 0, 0, 1, 2, 0, 0, 0, 1, 2, 0, 2, 0, 2, 3, 1, 0, 0, 2, 2, 1, 0, 3, 1, 0, 0, 0, 0, 3, 1, 0, 0, 0, 0, 2, 4, 3, 0, 3, 1, 0, 1, 2, 4, 0, 3, 0, 1, 2, 1, 2, 2, 1, 1, 5, 0, 0, 3, 0, 0, 1, 2, 1, 2, 0, 1]"
2020-11-11 17:13:19,8800000000000,tester,m,40,165,72,-0.458,-0.878,-0.047,25.175,18.06,81.92,"[0, 1, 0, 1, 4, 1, 0, 2, 0, 1, 0, 1, 0, 0, 3, 0, 4, 0, 0, 0, 14, 0, 2, 2, 0, 0, 3, 0, 2, 1, 0, 0, 1, 0, 0, 2, 1, 0, 0, 0, 0, 2, 0, 1, 0, 1, 0, 3, 1, 3, 1, 2, 3, 3, 1, 0, 2, 0, 0, 8, 0, 0, 1, 4, 1, 0, 1, 1, 0, 2, 3, 0, 1, 0, 0, 0, 0, 1, 4, 1, 1, 1, 3, 3, 0, 2, 1, 1, 3, 2, 0, 0, 0, 0, 0, 0, 0, 0, 0, 1, 0, 0, 0, 1, 2, 0, 2, 0, 2, 0, 0, 0, 2, 0, 0, 1, 2, 1, 0, 0, 0, 0, 0, 0, 0, 3, 1, 3, 0, 0, 0, 1, 2, 3, 3, 0, 0, 1, 1, 1, 3, 1, 3, 2, 1, 2, 0, 0, 2, 1, 0, 1, 3, 2, 4, 2, 1, 4, 1, 2]"
2020-11-11 17:13:19,8800000000000,tester,m,40,165,72,-0.458,-0.878,-0.047,25.226,18.074,81.92,"[0, 0, 2, 4, 0, 0, 0, 3, 0, 1, 837, 0, 0, 1, 2, 0, 2, 1, 3, 0, 3, 0, 1, 1, 0, 1, 0, 0, 1, 0, 1, 1, 5, 2, 2, 2, 0, 2, 1, 1, 1, 1, 0, 0, 0, 0, 0, 0, 2, 2, 0, 1, 5, 0, 5, 0, 0, 3, 1, 4, 0, 4, 2, 0, 3, 3, 1, 0, 2, 1, 1, 2, 0, 2, 2, 3, 1, 1, 0, 1, 0, 1, 3, 2, 0, 0, 0, 2, 2, 0, 1, 0, 0, 0, 3, 1, 0, 0, 1, 0, 1, 1, 0, 3, 0, 0, 0, 0, 0, 0, 0, 0, 0, 1, 2, 0, 1, 0, 1, 2, 0, 1, 0, 1, 0, 1, 1, 1, 34, 0, 0, 0, 0, 3, 1, 4, 3, 2, 4, 4, 0, 1, 5, 2, 1, 0, 1, 0, 1, 0, 0, 0, 2, 1, 0, 0, 2, 2, 1, 0]"
2020-11-11 17:13:19,8800000000000,tester,m,40,165,72,-0.456,-0.871,-0.047,25.164,18.045,81.92,"[0, 0, 0, 2, 2, 2, 0, 0, 0, 0, 835, 0, 0, 1, 0, 0, 0, 0, 0, 0, 3, 0, 0, 0, 0, 0, 2, 1, 0, 0, 0, 1, 0, 0, 0, 2, 2, 1, 0, 0, 0, 0, 1, 1, 0, 2, 0, 0, 0, 2, 0, 0, 1, 0, 3, 1, 2, 0, 4, 3, 1, 1, 0, 1, 3, 0, 2, 1, 2, 1, 0, 2, 0, 1, 0, 2, 4, 1, 3, 1, 0, 2, 2, 2, 1, 3, 3, 1, 0, 3, 2, 1, 3, 1, 4, 0, 0, 0, 0, 1, 0, 0, 3, 1, 0, 0, 2, 3, 1, 1, 0, 0, 1, 2, 1, 1, 2, 2, 0, 2, 0, 0, 2, 0, 0, 0, 1, 1, 2, 1, 0, 1, 0, 1, 5, 3, 0, 4, 1, 0, 0, 3, 2, 3, 4, 0, 2, 0, 1, 3, 0, 1, 4, 1, 1, 2, 2, 0, 1, 0]"
2020-11-11 17:13:19,8800000000000,tester,m,40,165,72,-0.456,-0.871,-0.047,25.138,18.048,81.92,"[0, 0, 3, 3, 0, 1, 1, 2, 0, 0, 832, 1, 0, 0, 0, 0, 1, 2, 0, 0, 8, 0, 1, 2, 0, 0, 0, 1, 2, 1, 0, 1, 2, 2, 0, 0, 1, 1, 2, 1, 1, 0, 0, 1, 4, 0, 0, 0, 0, 1, 0, 0, 0, 0, 0, 1, 2, 2, 2, 1, 0, 1, 6, 2, 0, 0, 1, 2, 1, 1, 1, 1, 3, 4, 0, 1, 2, 1, 0, 2, 0, 2, 3, 0, 2, 4, 0, 1, 0, 1, 1, 1, 1, 1, 3, 2, 2, 0, 0, 0, 4, 0, 0, 2, 4, 1, 0, 1, 0, 0, 0, 1, 3, 0, 2, 0, 0, 0, 0, 1, 0, 0, 1, 0, 0, 1, 4, 3, 0, 0, 0, 0, 2, 0, 0, 3, 4, 0, 4, 2, 0, 2, 2, 2, 3, 4, 0, 2, 0, 0, 1, 3, 2, 1, 0, 0, 0, 0, 3, 0]"
2020-11-11 17:13:19,8800000000000,tester,m,40,165,72,-0.456,-0.871,-0.047,25.164,18.045,81.92,"[0, 1, 3, 1, 3, 2, 0, 0, 3, 0, 835, 0, 2, 2, 0, 0, 0, 0, 0, 1, 5, 0, 0, 0, 2, 0, 0, 1, 3, 0, 0, 0, 2, 0, 0, 1, 0, 0, 0, 0, 1, 1, 4, 0, 0, 1, 0, 3, 1, 0, 0, 1, 4, 1, 2, 0, 1, 2, 0, 2, 0, 4, 0, 4, 4, 2, 2, 2, 3, 0, 1, 2, 0, 2, 3, 0, 0, 2, 2, 1, 0, 0, 0, 2, 2, 1, 2, 0, 0, 1, 2, 0, 1, 0, 1, 5, 0, 0, 0, 0, 0, 0, 0, 1, 0, 0, 0, 2, 0, 1, 0, 0, 2, 1, 0, 3, 0, 0, 4, 0, 0, 0, 1, 1, 0, 0, 2, 2, 2, 0, 0, 0, 0, 1, 0, 3, 2, 0, 2, 1, 0, 4, 0, 4, 0, 2, 2, 0, 2, 0, 0, 2, 0, 0, 0, 0, 0, 2, 2, 1]"
2020-11-11 17:13:19,8800000000000,tester,m,40,165,72,-0.456,-0.871,-0.047,25.189,18.079,61.44,"[0, 0, 0, 1, 2, 2, 1, 4, 3, 3, 829, 2, 2, 2, 1, 1, 0, 0, 0, 1, 14, 0, 0, 0, 3, 1, 0, 0, 2, 0, 0, 0, 1, 1, 0, 2, 0, 0, 1, 1, 4, 0, 0, 0, 1, 3, 0, 3, 0, 2, 0, 0, 0, 1, 0, 0, 4, 1, 0, 2, 0, 0, 0, 1, 3, 0, 0, 3, 2, 2, 3, 1, 1, 2, 0, 1, 2, 0, 0, 1, 0, 0, 1, 1, 2, 2, 2, 0, 3, 0, 1, 3, 4, 0, 0, 2, 0, 0, 0, 0, 0, 0, 0, 0, 2, 0, 1, 1, 1, 0, 0, 2, 0, 0, 0, 1, 0, 6, 3, 3, 0, 0, 2, 1, 0, 0, 0, 0, 0, 2, 0, 0, 1, 1, 2, 0, 0, 0, 2, 1, 0, 2, 1, 1, 0, 1, 0, 0, 1, 1, 2, 0, 0, 2, 0, 3, 1, 0, 3, 0]"
2020-11-11 17:13:19,8800000000000,tester,m,40,165,72,-0.456,-0.871,-0.047,25.183,18.079,61.44,"[0, 1, 0, 1, 1, 4, 2, 1, 0, 0, 831, 2, 1, 1, 2, 3, 2, 2, 2, 0, 34, 0, 0, 0, 0, 0, 0, 0, 0, 0, 0, 0, 0, 2, 4, 1, 0, 1, 2, 0, 6, 1, 0, 0, 2, 3, 3, 0, 3, 2, 0, 0, 0, 2, 0, 2, 1, 1, 1, 3, 0, 1, 5, 1, 3, 4, 0, 1, 0, 2, 1, 0, 0, 2, 1, 0, 0, 0, 0, 1, 1, 0, 0, 1, 6, 1, 2, 2, 3, 1, 1, 0, 2, 3, 3, 3, 4, 0, 0, 1, 1, 0, 0, 2, 2, 3, 0, 0, 2, 1, 0, 0, 1, 1, 3, 0, 1, 3, 0, 0, 0, 2, 0, 0, 0, 4, 0, 0, 2, 2, 0, 0, 1, 0, 0, 2, 2, 0, 2, 0, 0, 1, 3, 0, 0, 0, 4, 0, 5, 1, 3, 2, 3, 3, 0, 1, 3, 5, 2, 3]"
2020-11-11 17:13:19,8800000000000,tester,m,40,165,72,-0.456,-0.871,-0.047,25.194,18.04,61.44,"[0, 0, 1, 3, 0, 0, 1, 3, 0, 2, 827, 2, 1, 1, 3, 3, 0, 2, 0, 1, 10, 0, 0, 1, 0, 0, 0, 0, 0, 1, 0, 1, 0, 1, 0, 0, 1, 2, 2, 1, 0, 0, 4, 1, 0, 0, 2, 0, 0, 0, 0, 0, 0, 0, 1, 3, 0, 3, 0, 2, 0, 1, 4, 1, 6, 4, 1, 3, 1, 1, 3, 1, 0, 0, 3, 0, 2, 0, 2, 0, 0, 2, 0, 1, 4, 1, 5, 0, 0, 2, 3, 0, 0, 2, 4, 1, 3, 14, 4, 1, 2, 0, 0, 1, 3, 1, 2, 3, 0, 1, 0, 0, 1, 0, 2, 2, 0, 1, 2, 1, 0, 0, 1, 1, 5, 0, 3, 0, 1, 0, 0, 1, 2, 1, 0, 0, 1, 0, 0, 0, 0, 0, 2, 2, 0, 3, 5, 0, 1, 4, 0, 1, 4, 1, 2, 1, 2, 2, 1, 2]"
2020-11-11 17:13:20,8800000000000,tester,m,40,165,72,-0.458,-0.878,-0.047,25.175,18.069,81.92,"[0, 1, 0, 0, 2, 4, 0, 2, 2, 1, 863, 1, 3, 2, 2, 3, 2, 1, 1, 3, 3, 0, 3, 0, 0, 0, 0, 0, 0, 0, 0, 0, 1, 0, 5, 1, 0, 2, 1, 1, 0, 1, 0, 4, 2, 0, 2, 1, 0, 2, 0, 1, 2, 1, 1, 2, 1, 0, 0, 1, 0, 0, 0, 1, 2, 1, 0, 5, 6, 0, 4, 0, 3, 2, 3, 0, 1, 0, 1, 0, 0, 1, 0, 1, 4, 2, 1, 2, 2, 10, 1, 1, 13, 2, 3, 2, 4, 3, 0, 0, 2, 1, 0, 0, 0, 0, 2, 2, 0, 0, 0, 0, 0, 2, 1, 1, 3, 2, 0, 2, 0, 1, 1, 0, 0, 1, 0, 0, 1, 2, 0, 0, 1, 1, 0, 0, 0, 0, 2, 2, 0, 0, 0, 0, 0, 1, 1, 3, 0, 1, 1, 3, 3, 2, 0, 1, 4, 1, 0, 0]"
2020-11-11 17:13:20,8800000000000,tester,m,40,165,72,-0.458,-0.878,-0.047,25.183,18.074,81.92,"[0, 2, 3, 1, 4, 0, 1, 3, 2, 2, 841, 2, 0, 2, 0, 2, 2, 1, 0, 0, 4, 2, 6, 0, 1, 0, 0, 0, 2, 0, 0, 0, 5, 0, 2, 0, 0, 0, 4, 2, 1, 0, 2, 0, 2, 1, 3, 3, 1, 3, 0, 0, 1, 0, 0, 2, 0, 1, 4, 1, 0, 0, 5, 1, 1, 1, 2, 3, 0, 3, 0, 3, 0, 2, 4, 4, 3, 2, 2, 1, 0, 1, 0, 2, 2, 1, 4, 0, 8, 0, 1, 1, 0, 2, 1, 0, 0, 0, 2, 1, 2, 2, 1, 3, 0, 0, 0, 0, 0, 3, 0, 0, 0, 0, 2, 1, 1, 0, 0, 2, 0, 1, 0, 0, 3, 0, 1, 3, 0, 0, 1, 0, 0, 0, 2, 0, 0, 5, 0, 3, 0, 0, 1, 0, 0, 2, 2, 1, 1, 3, 0, 1, 0, 3, 3, 4, 1, 0, 0, 1]"
2020-11-11 17:13:20,8800000000000,tester,m,40,165,72,-0.458,-0.878,-0.047,25.148,18.048,81.92,"[1, 0, 2, 1, 1, 2, 0, 0, 2, 0, 839, 1, 3, 2, 0, 3, 3, 2, 2, 3, 5, 1, 1, 2, 2, 0, 3, 2, 0, 1, 0, 0, 0, 0, 4, 1, 2, 0, 0, 0, 1, 1, 1, 2, 2, 1, 1, 2, 3, 3, 0, 0, 0, 0, 0, 0, 2, 0, 0, 1, 0, 0, 0, 1, 0, 0, 0, 1, 2, 4, 1, 2, 0, 2, 2, 0, 2, 0, 0, 1, 0, 1, 1, 2, 1, 0, 5, 1, 10, 2, 0, 2, 2, 1, 0, 0, 1, 2, 1, 1, 1, 2, 2, 2, 0, 3, 0, 2, 0, 3, 0, 0, 1, 0, 0, 0, 1, 3, 0, 3, 0, 0, 0, 0, 0, 3, 2, 1, 1, 0, 0, 0, 0, 0, 0, 0, 2, 3, 3, 1, 0, 0, 0, 0, 2, 1, 0, 1, 1, 0, 0, 2, 0, 2, 0, 0, 0, 0, 16, 0]"
2020-11-11 17:13:20,8800000000000,tester,m,40,165,72,-0.458,-0.878,-0.047,25.191,18.048,81.92,"[0, 0, 2, 1, 2, 1, 1, 2, 2, 5, 840, 1, 0, 1, 3, 2, 2, 5, 1, 1, 6, 1, 0, 3, 2, 0, 1, 0, 2, 0, 0, 0, 0, 0, 0, 3, 34, 0, 0, 3, 2, 0, 0, 2, 4, 4, 1, 0, 3, 0, 0, 2, 2, 0, 2, 1, 0, 0, 0, 1, 0, 0, 0, 1, 1, 1, 0, 2, 1, 2, 1, 2, 2, 6, 3, 4, 0, 4, 6, 2, 1, 1, 2, 5, 0, 1, 1, 2, 2, 1, 1, 0, 0, 1, 0, 3, 0, 0, 1, 3, 0, 2, 5, 3, 0, 0, 1, 0, 0, 2, 0, 0, 0, 0, 0, 1, 0, 0, 0, 0, 0, 0, 2, 2, 0, 0, 0, 1, 0, 1, 0, 0, 3, 2, 2, 2, 0, 3, 2, 0, 0, 2, 4, 0, 1, 1, 1, 2, 1, 0, 0, 2, 3, 2, 1, 1, 1, 2, 2, 3]"
2020-11-11 17:13:20,8800000000000,tester,m,40,165,72,-0.458,-0.878,-0.047,25.173,18.027,81.92,"[0, 0, 4, 1, 0, 0, 1, 1, 0, 1, 841, 2, 0, 2, 0, 0, 2, 2, 1, 4, 8, 1, 2, 3, 0, 3, 1, 2, 3, 2, 0, 0, 1, 0, 2, 0, 0, 0, 0, 2, 3, 0, 0, 1, 0, 1, 0, 4, 4, 0, 0, 1, 3, 1, 1, 0, 3, 1, 0, 1, 0, 0, 0, 0, 3, 2, 0, 1, 1, 1, 2, 1, 1, 2, 2, 3, 2, 5, 1, 2, 0, 0, 0, 1, 0, 2, 0, 0, 0, 1, 1, 2, 0, 2, 0, 4, 1, 0, 2, 2, 2, 2, 0, 3, 2, 0, 0, 1, 0, 2, 0, 0, 3, 0, 0, 1, 1, 0, 2, 0, 0, 0, 5, 0, 0, 0, 0, 0, 0, 1, 0, 2, 3, 0, 0, 0, 2, 1, 0, 2, 0, 0, 0, 1, 0, 0, 0, 1, 0, 1, 0, 0, 2, 4, 4, 0, 1, 2, 2, 2]"
2020-11-11 17:13:20,8800000000000,tester,m,40,165,72,-0.458,-0.878,-0.047,25.181,18.048,81.92,"[1, 0, 0, 1, 0, 1, 1, 1, 1, 0, 839, 1, 2, 1, 0, 0, 0, 10, 3, 0, 20, 1, 1, 19, 3, 2, 1, 3, 3, 1, 0, 0, 0, 1, 1, 0, 0, 1, 5, 3, 4, 0, 0, 1, 2, 2, 0, 3, 0, 2, 0, 0, 2, 1, 0, 1, 0, 3, 1, 0, 0, 0, 0, 0, 0, 2, 2, 1, 0, 1, 4, 2, 0, 3, 1, 4, 20, 2, 0, 1, 2, 0, 0, 2, 3, 2, 0, 2, 0, 2, 1, 1, 0, 2, 1, 1, 4, 0, 3, 3, 2, 3, 2, 1, 3, 4, 4, 1, 2, 1, 0, 0, 0, 0, 4, 3, 0, 0, 0, 0, 0, 0, 0, 1, 0, 1, 2, 2, 0, 0, 2, 1, 3, 2, 2, 2, 0, 3, 0, 0, 0, 2, 2, 0, 3, 0, 0, 0, 1, 1, 0, 1, 5, 1, 0, 4, 0, 0, 0, 4]"
2020-11-11 17:13:20,8800000000000,tester,m,40,165,72,-0.458,-0.878,-0.047,25.191,18.062,61.44,"[1, 2, 0, 2, 0, 0, 2, 1, 1, 0, 839, 0, 0, 2, 5, 1, 0, 1, 2, 7, 17, 2, 0, 2, 2, 0, 1, 3, 5, 3, 0, 0, 0, 0, 2, 3, 0, 0, 0, 2, 4, 0, 0, 1, 1, 0, 0, 0, 0, 0, 0, 1, 0, 2, 0, 2, 0, 1, 0, 0, 0, 0, 3, 2, 0, 0, 0, 1, 1, 2, 0, 0, 0, 3, 2, 1, 4, 1, 2, 5, 0, 1, 2, 2, 4, 0, 3, 2, 1, 0, 1, 0, 2, 0, 8, 2, 0, 2, 0, 1, 0, 1, 3, 2, 0, 2, 0, 0, 3, 2, 0, 2, 2, 2, 2, 0, 0, 0, 0, 2, 0, 0, 2, 2, 0, 0, 2, 1, 0, 0, 2, 0, 0, 1, 4, 0, 12, 3, 0, 0, 0, 1, 2, 2, 0, 1, 0, 2, 2, 1, 0, 0, 0, 2, 0, 3, 0, 2, 5, 2]"
2020-11-11 17:13:20,8800000000000,tester,m,40,165,72,-0.458,-0.881,-0.047,25.21,18.059,61.44,"[3, 2, 2, 1, 4, 2, 0, 2, 3, 1, 834, 0, 0, 1, 2, 0, 1, 1, 2, 0, 43, 0, 1, 1, 0, 0, 2, 2, 2, 1, 0, 2, 2, 4, 2, 0, 1, 4, 0, 0, 4, 0, 0, 0, 3, 1, 2, 2, 0, 0, 0, 0, 0, 2, 1, 0, 0, 1, 1, 1, 0, 1, 0, 0, 0, 1, 1, 1, 2, 0, 1, 1, 1, 0, 0, 1, 2, 1, 0, 2, 2, 0, 0, 3, 2, 2, 3, 1, 2, 1, 0, 2, 2, 0, 2, 0, 0, 0, 0, 2, 1, 0, 4, 2, 0, 2, 2, 1, 2, 1, 0, 2, 2, 2, 0, 4, 4, 0, 2, 0, 0, 0, 0, 0, 0, 0, 0, 0, 0, 0, 0, 0, 0, 1, 2, 4, 0, 0, 0, 3, 0, 2, 2, 2, 0, 1, 0, 2, 3, 0, 0, 0, 1, 1, 0, 0, 0, 2, 3, 2]"
2020-11-11 17:13:20,8800000000000,tester,m,40,165,72,-0.458,-0.881,-0.047,25.156,18.066,61.44,"[4, 0, 0, 4, 0, 0, 3, 0, 0, 4, 830, 1, 2, 2, 1, 2, 3, 2, 0, 0, 0, 0, 2, 0, 1, 2, 1, 0, 0, 4, 140, 0, 0, 2, 3, 3, 0, 0, 1, 0, 0, 0, 2, 2, 0, 0, 2, 0, 2, 1, 0, 0, 2, 2, 2, 0, 2, 0, 0, 1, 0, 0, 2, 0, 0, 0, 0, 2, 1, 2, 0, 0, 0, 0, 0, 2, 0, 0, 0, 4, 0, 2, 2, 2, 2, 2, 4, 0, 3, 0, 4, 0, 0, 3, 2, 1, 2, 3, 3, 4, 1, 1, 0, 2, 0, 2, 0, 0, 1, 1, 0, 2, 3, 0, 3, 0, 0, 0, 0, 0, 0, 0, 0, 3, 2, 1, 0, 0, 4, 2, 0, 0, 1, 1, 0, 3, 4, 1, 0, 0, 0, 0, 3, 1, 1, 5, 2, 1, 2, 0, 0, 0, 2, 3, 0, 0, 4, 2, 2, 2]"
2020-11-11 17:13:20,8800000000000,tester,m,40,165,72,-0.458,-0.881,-0.047,25.191,18.033,61.44,"[2, 0, 8, 3, 2, 0, 0, 0, 0, 0, 907, 2, 0, 0, 1, 2, 0, 5, 1, 4, 4, 0, 1, 3, 0, 0, 2, 4, 4, 0, 0, 1, 2, 0, 2, 4, 1, 0, 0, 2, 0, 0, 2, 1, 1, 5, 0, 0, 1, 1, 0, 0, 8, 1, 1, 1, 0, 0, 1, 0, 0, 0, 0, 1, 1, 2, 0, 1, 4, 0, 3, 0, 0, 2, 1, 0, 2, 0, 1, 1, 0, 2, 2, 2, 4, 0, 1, 2, 3, 2, 4, 1, 0, 1, 0, 0, 0, 0, 0, 1, 1, 1, 1, 1, 0, 2, 2, 0, 2, 1, 0, 1, 1, 0, 1, 0, 1, 2, 0, 1, 0, 1, 1, 2, 0, 0, 1, 1, 0, 2, 0, 0, 0, 1, 1, 0, 2, 2, 0, 1, 0, 0, 0, 0, 0, 1, 0, 0, 0, 0, 0, 0, 1, 0, 0, 3, 1, 1, 1, 0]"
2020-11-11 17:13:21,8800000000000,tester,m,40,165,72,-0.458,-0.881,-0.047,25.191,18.025,81.92,"[1, 1, 3, 5, 1, 0, 0, 1, 2, 2, 839, 3, 2, 0, 1, 1, 1, 4, 0, 1, 2, 1, 0, 1, 2, 2, 1, 1, 1, 1, 0, 0, 2, 0, 2, 4, 0, 2, 3, 2, 0, 0, 0, 0, 0, 0, 3, 1, 0, 0, 0, 0, 2, 0, 3, 1, 1, 1, 1, 1, 0, 0, 2, 0, 0, 0, 1, 0, 0, 2, 0, 0, 0, 0, 0, 16, 1, 1, 2, 3, 0, 0, 3, 3, 1, 3, 1, 1, 2, 3, 0, 0, 2, 2, 2, 3, 3, 0, 1, 3, 3, 3, 1, 2, 0, 1, 0, 0, 0, 2, 0, 1, 2, 2, 4, 0, 1, 2, 3, 2, 0, 0, 3, 0, 1, 2, 1, 0, 0, 1, 1, 0, 0, 0, 0, 0, 0, 1, 1, 2, 0, 1, 2, 2, 0, 0, 2, 0, 0, 0, 0, 1, 1, 1, 2, 2, 0, 2, 1, 0]"
2020-11-11 17:13:21,8800000000000,tester,m,40,165,72,-0.458,-0.881,-0.047,25.21,18.103,81.92,"[0, 1, 3, 2, 0, 2, 4, 2, 0, 1, 837, 1, 1, 2, 2, 0, 2, 16, 0, 0, 6, 1, 0, 2, 2, 4, 0, 0, 3, 3, 0, 1, 0, 1, 2, 0, 1, 12, 0, 0, 4, 0, 0, 0, 0, 2, 1, 4, 1, 2, 0, 0, 1, 1, 0, 1, 0, 2, 1, 2, 0, 0, 1, 2, 0, 0, 0, 1, 0, 0, 0, 0, 2, 1, 0, 0, 0, 2, 2, 2, 0, 0, 4, 2, 1, 3, 3, 2, 3, 4, 4, 2, 1, 2, 1, 3, 1, 4, 3, 3, 0, 1, 1, 0, 0, 4, 2, 2, 0, 2, 0, 0, 3, 1, 2, 2, 1, 1, 2, 1, 1, 1, 1, 2, 1, 0, 0, 2, 0, 1, 0, 0, 3, 1, 2, 0, 2, 0, 1, 2, 0, 0, 0, 0, 0, 2, 1, 0, 0, 1, 0, 0, 0, 1, 0, 1, 2, 0, 0, 1]"
2020-11-11 17:13:21,8800000000000,tester,m,40,165,72,-0.458,-0.881,-0.047,25.181,18.069,81.92,"[0, 0, 0, 1, 0, 0, 3, 2, 3, 1, 840, 1, 0, 0, 2, 2, 1, 0, 2, 2, 5, 2, 0, 0, 3, 4, 1, 1, 1, 4, 0, 0, 2, 3, 3, 4, 1, 0, 0, 2, 4, 2, 0, 0, 0, 0, 37, 0, 4, 2, 0, 0, 0, 0, 2, 4, 3, 0, 1, 1, 0, 0, 4, 1, 0, 0, 3, 24, 1, 2, 1, 1, 3, 0, 2, 0, 0, 0, 0, 2, 0, 0, 3, 0, 3, 1, 0, 0, 2, 2, 1, 2, 2, 3, 0, 3, 5, 2, 3, 0, 0, 0, 0, 2, 1, 0, 1, 2, 2, 2, 0, 1, 0, 2, 3, 3, 1, 1, 0, 0, 0, 2, 1, 2, 1, 0, 0, 0, 0, 2, 0, 0, 0, 0, 0, 2, 0, 0, 0, 0, 0, 2, 3, 0, 1, 1, 2, 2, 3, 0, 0, 1, 0, 2, 2, 4, 5, 1, 2, 0]"
2020-11-11 17:13:21,8800000000000,tester,m,40,165,72,-0.454,-0.877,-0.047,25.183,18.069,81.92,"[0, 1, 0, 0, 0, 1, 0, 3, 0, 3, 835, 4, 0, 2, 1, 0, 2, 2, 4, 0, 9, 1, 0, 0, 0, 2, 1, 2, 0, 2, 0, 2, 0, 3, 3, 3, 2, 1, 1, 2, 3, 2, 1, 2, 2, 1, 0, 0, 0, 2, 0, 0, 0, 2, 0, 1, 0, 0, 0, 3, 0, 0, 0, 0, 0, 1, 0, 2, 2, 2, 0, 0, 0, 1, 2, 0, 0, 0, 2, 0, 0, 0, 0, 0, 2, 0, 0, 1, 4, 2, 2, 2, 0, 1, 0, 1, 0, 0, 0, 0, 2, 2, 2, 0, 0, 3, 3, 0, 3, 2, 0, 0, 2, 1, 3, 2, 0, 1, 2, 1, 0, 2, 0, 1, 2, 0, 2, 2, 0, 0, 0, 0, 1, 2, 3, 0, 1, 2, 0, 3, 0, 1, 0, 2, 2, 0, 2, 3, 0, 0, 0, 0, 2, 1, 1, 1, 0, 0, 0, 0]"
2020-11-11 17:13:21,8800000000000,tester,m,40,165,72,-0.454,-0.877,-0.047,25.164,18.092,81.92,"[0, 0, 3, 1, 2, 2, 2, 0, 2, 6, 835, 3, 0, 2, 0, 1, 9, 3, 2, 2, 11, 3, 0, 2, 0, 2, 0, 3, 3, 2, 0, 0, 0, 2, 1, 2, 2, 2, 2, 0, 3, 2, 2, 0, 0, 3, 1, 2, 0, 0, 0, 0, 3, 0, 1, 0, 0, 0, 0, 0, 0, 0, 3, 1, 3, 0, 3, 2, 3, 2, 1, 0, 0, 1, 0, 0, 4, 2, 0, 0, 0, 0, 1, 0, 2, 2, 0, 0, 1, 2, 1, 2, 3, 2, 2, 1, 0, 2, 2, 1, 1, 2, 3, 2, 0, 2, 1, 0, 0, 1, 0, 1, 1, 1, 1, 0, 2, 1, 5, 3, 0, 0, 2, 2, 1, 0, 0, 0, 3, 0, 0, 2, 1, 1, 17, 1, 0, 0, 0, 0, 0, 1, 3, 1, 1, 2, 0, 0, 1, 0, 0, 3, 3, 0, 1, 1, 0, 0, 4, 1]"
2020-11-11 17:13:21,8800000000000,tester,m,40,165,72,-0.454,-0.877,-0.047,25.156,18.086,81.92,"[0, 0, 2, 1, 0, 0, 0, 1, 0, 2, 835, 1, 4, 1, 1, 3, 2, 0, 2, 2, 24, 1, 2, 1, 1, 0, 2, 0, 0, 1, 0, 1, 4, 2, 0, 1, 1, 1, 0, 0, 4, 2, 0, 1, 0, 0, 0, 3, 1, 0, 0, 0, 1, 1, 0, 1, 3, 0, 3, 2, 0, 0, 0, 2, 1, 3, 0, 2, 0, 1, 0, 0, 1, 2, 0, 0, 3, 0, 2, 0, 0, 2, 3, 0, 1, 0, 2, 0, 2, 3, 1, 3, 0, 2, 3, 3, 3, 2, 1, 0, 2, 0, 3, 3, 1, 2, 0, 0, 3, 2, 0, 1, 1, 1, 0, 0, 0, 2, 0, 1, 0, 2, 2, 1, 5, 1, 0, 2, 0, 2, 1, 0, 0, 1, 2, 0, 0, 0, 2, 2, 0, 0, 1, 1, 2, 4, 0, 2, 0, 1, 0, 0, 6, 1, 0, 0, 0, 0, 0, 0]"
2020-11-11 17:13:21,8800000000000,tester,m,40,165,72,-0.454,-0.877,-0.047,25.175,18.06,61.44,"[0, 0, 2, 0, 2, 2, 2, 0, 1, 2, 831, 1, 2, 3, 3, 0, 4, 4, 0, 4, 130, 2, 1, 1, 2, 2, 0, 3, 0, 4, 0, 1, 0, 1, 0, 0, 0, 0, 4, 2, 1, 2, 0, 0, 1, 4, 1, 0, 0, 1, 0, 0, 1, 0, 1, 0, 2, 0, 0, 0, 0, 0, 2, 2, 0, 1, 0, 1, 2, 1, 2, 0, 0, 2, 0, 1, 1, 0, 2, 0, 0, 0, 0, 3, 3, 1, 0, 0, 0, 0, 1, 3, 3, 2, 1, 0, 0, 2, 1, 4, 2, 2, 2, 1, 4, 1, 1, 2, 0, 1, 0, 2, 7, 0, 0, 0, 2, 5, 2, 1, 0, 2, 4, 1, 0, 2, 39, 1, 2, 4, 3, 0, 2, 1, 3, 0, 0, 0, 0, 1, 0, 0, 0, 0, 2, 3, 0, 0, 0, 3, 2, 1, 0, 0, 0, 3, 1, 1, 0, 0]"
2020-11-11 17:13:21,8800000000000,tester,m,40,165,72,-0.454,-0.877,-0.047,25.181,18.06,61.44,"[0, 1, 0, 0, 2, 2, 0, 0, 0, 2, 823, 1, 0, 2, 2, 0, 0, 2, 3, 3, 6, 4, 0, 2, 2, 5, 0, 0, 0, 2, 1, 0, 0, 2, 3, 0, 0, 3, 0, 1, 0, 1, 1, 1, 2, 1, 2, 2, 4, 0, 1, 2, 1, 1, 3, 2, 0, 3, 0, 45, 0, 0, 0, 2, 0, 0, 0, 0, 1, 0, 27, 0, 1, 3, 0, 3, 2, 2, 0, 1, 0, 0, 2, 2, 1, 3, 3, 4, 2, 0, 0, 0, 2, 3, 1, 2, 2, 2, 2, 1, 2, 2, 5, 1, 1, 1, 0, 2, 0, 0, 0, 0, 4, 1, 2, 1, 1, 1, 3, 2, 0, 2, 3, 3, 0, 4, 2, 2, 2, 0, 4, 0, 1, 1, 0, 1, 0, 0, 2, 1, 0, 0, 6, 2, 3, 1, 0, 0, 3, 2, 0, 0, 0, 0, 2, 1, 0, 0, 3, 0]"
2020-11-11 17:13:21,8800000000000,tester,m,40,165,72,-0.454,-0.877,-0.047,25.189,18.079,61.44,"[0, 0, 2, 0, 0, 1, 0, 2, 1, 2, 0, 1, 0, 0, 2, 2, 0, 3, 1, 2, 164, 2, 12, 1, 2, 0, 0, 1, 3, 1, 0, 1, 1, 3, 5, 1, 2, 2, 2, 2, 1, 0, 0, 1, 0, 1, 0, 2, 2, 1, 1, 2, 2, 1, 2, 18, 0, 1, 3, 0, 0, 0, 1, 1, 3, 0, 2, 0, 1, 0, 0, 0, 0, 0, 4, 0, 2, 4, 0, 1, 0, 0, 0, 1, 0, 0, 2, 1, 0, 1, 0, 0, 0, 1, 0, 2, 1, 0, 4, 2, 0, 2, 0, 0, 10, 0, 3, 0, 1, 2, 0, 2, 2, 1, 1, 0, 2, 0, 2, 1, 1, 0, 3, 2, 3, 0, 1, 3, 0, 0, 0, 0, 0, 1, 0, 0, 0, 0, 2, 0, 0, 0, 4, 0, 2, 1, 0, 1, 0, 0, 0, 0, 0, 2, 0, 0, 1, 3, 0, 1]"
2020-11-11 17:13:21,8800000000000,tester,m,40,165,72,-0.454,-0.877,-0.047,25.207,18.08,61.44,"[0, 0, 0, 1, 1, 0, 0, 0, 2, 2, 837, 0, 0, 2, 2, 2, 3, 3, 1, 2, 3, 0, 1, 2, 5, 4, 1, 1, 0, 0, 0, 0, 8, 3, 0, 1, 0, 0, 0, 0, 4, 0, 2, 1, 1, 1, 0, 3, 1, 2, 0, 4, 1, 2, 1, 1, 0, 1, 0, 0, 0, 0, 0, 0, 0, 1, 2, 0, 2, 1, 0, 0, 0, 1, 1, 0, 2, 1, 1, 1, 0, 0, 0, 1, 1, 0, 1, 2, 2, 2, 2, 0, 0, 1, 0, 3, 0, 2, 3, 0, 7, 1, 2, 2, 5, 0, 3, 1, 3, 0, 0, 1, 3, 1, 0, 2, 1, 2, 2, 2, 0, 0, 1, 1, 3, 3, 3, 2, 3, 3, 3, 1, 3, 1, 2, 4, 2, 0, 0, 0, 0, 0, 1, 1, 1, 0, 1, 0, 3, 0, 0, 0, 0, 0, 0, 0, 0, 0, 1, 2]"
2020-11-11 17:13:22,8800000000000,tester,m,40,165,72,-0.457,-0.88,-0.047,25.191,18.059,81.92,"[0, 0, 0, 0, 0, 0, 0, 3, 0, 1, 834, 1, 0, 1, 2, 2, 0, 3, 2, 0, 6, 0, 0, 2, 2, 2, 2, 1, 1, 3, 0, 0, 0, 2, 1, 3, 1, 4, 0, 1, 0, 0, 0, 2, 2, 1, 2, 2, 2, 2, 1, 2, 2, 1, 0, 0, 0, 1, 3, 0, 0, 1, 0, 1, 0, 0, 1, 0, 2, 0, 2, 0, 2, 0, 0, 0, 3, 0, 0, 2, 0, 0, 4, 2, 2, 3, 2, 0, 3, 0, 0, 0, 0, 0, 4, 1, 0, 2, 1, 10, 3, 2, 3, 3, 4, 2, 0, 3, 1, 2, 0, 2, 4, 3, 0, 0, 2, 0, 3, 0, 0, 0, 6, 0, 1, 0, 4, 4, 1, 3, 1, 1, 2, 2, 2, 0, 2, 0, 4, 0, 0, 0, 0, 0, 0, 0, 2, 0, 1, 0, 0, 0, 1, 1, 0, 3, 2, 1, 0, 2]"
2020-11-11 17:13:22,8800000000000,tester,m,40,165,72,-0.457,-0.88,-0.047,25.21,18.059,81.92,"[1, 2, 4, 0, 2, 0, 0, 0, 1, 1, 835, 1, 2, 1, 0, 1, 1, 2, 1, 3, 7, 4, 1, 1, 1, 3, 0, 3, 1, 1, 0, 3, 0, 0, 0, 0, 0, 0, 2, 3, 2, 0, 1, 1, 2, 2, 0, 0, 1, 3, 0, 1, 1, 3, 0, 0, 0, 3, 2, 2, 0, 0, 0, 2, 5, 2, 0, 0, 0, 1, 0, 0, 0, 2, 1, 0, 0, 2, 0, 0, 0, 0, 4, 1, 0, 1, 1, 2, 0, 0, 0, 0, 2, 0, 0, 0, 2, 0, 0, 2, 2, 2, 3, 2, 5, 1, 0, 2, 2, 2, 0, 0, 0, 1, 2, 1, 1, 0, 1, 1, 0, 0, 0, 2, 4, 0, 2, 0, 1, 2, 0, 2, 0, 0, 3, 4, 1, 0, 1, 1, 0, 0, 0, 3, 0, 0, 3, 1, 0, 2, 0, 1, 0, 1, 5, 0, 0, 0, 1, 0]"
2020-11-11 17:13:22,8800000000000,tester,m,40,165,72,-0.457,-0.88,-0.047,25.207,18.059,81.92,"[0, 0, 0, 3, 4, 0, 0, 0, 0, 0, 835, 1, 1, 0, 2, 1, 1, 1, 2, 0, 8, 2, 0, 4, 1, 2, 0, 0, 2, 1, 0, 4, 1, 3, 2, 2, 0, 4, 0, 2, 0, 2, 1, 1, 2, 3, 1, 1, 1, 1, 1, 1, 3, 3, 0, 3, 4, 4, 2, 2, 0, 0, 2, 0, 0, 0, 0, 1, 3, 0, 0, 0, 1, 1, 0, 2, 1, 1, 0, 0, 0, 0, 1, 4, 0, 2, 0, 2, 1, 2, 0, 0, 1, 0, 0, 3, 1, 0, 0, 0, 0, 0, 1, 2, 7, 5, 2, 0, 1, 0, 1, 2, 4, 4, 2, 3, 3, 1, 0, 0, 0, 0, 1, 0, 0, 3, 0, 1, 0, 2, 1, 0, 1, 2, 3, 2, 1, 0, 0, 3, 0, 2, 0, 2, 0, 1, 0, 0, 0, 2, 0, 1, 1, 0, 0, 1, 1, 0, 2, 1]"
2020-11-11 17:13:22,8800000000000,tester,m,40,165,72,-0.457,-0.88,-0.047,25.183,18.074,81.92,"[0, 1, 0, 2, 1, 0, 0, 0, 2, 0, 838, 0, 0, 0, 0, 0, 1, 0, 2, 6, 12, 0, 2, 3, 3, 2, 1, 0, 0, 1, 0, 3, 1, 3, 1, 1, 1, 1, 2, 2, 4, 0, 2, 3, 0, 2, 0, 2, 2, 0, 0, 0, 3, 2, 1, 0, 2, 0, 6, 1, 0, 2, 0, 1, 2, 0, 0, 0, 6, 1, 0, 0, 0, 1, 1, 0, 0, 2, 0, 2, 0, 1, 2, 2, 0, 1, 2, 1, 2, 1, 0, 0, 1, 1, 0, 0, 0, 1, 3, 1, 1, 1, 0, 0, 0, 3, 1, 4, 1, 2, 0, 1, 2, 1, 2, 0, 0, 1, 3, 0, 0, 0, 0, 2, 0, 0, 0, 2, 0, 1, 0, 1, 0, 1, 0, 0, 2, 2, 2, 1, 0, 2, 1, 2, 0, 0, 0, 4, 2, 1, 0, 0, 0, 1, 1, 0, 1, 2, 3, 0]"
2020-11-11 17:56:22,8800000000000,tester,m,40,165,72,-0.462,-0.883,-0.031,25.963,18.408,81.92,"[0, 1, 2, 2, 6, 1, 5, 0, 1, 1, 1010, 0, 1, 0, 1, 0, 2, 0, 0, 1, 1020, 0, 1, 1, 2, 0, 2, 2, 0, 1, 1, 1, 0, 1, 3, 0, 1, 2, 3, 0, 0, 0, 2, 0, 3, 1, 0, 0, 1, 3, 3, 0, 0, 0, 2, 2, 6, 2, 1, 1, 0, 8, 0, 1, 4, 3, 0, 2, 0, 1, 0, 1, 1, 1, 4, 0, 4, 0, 0, 2, 0, 1, 2, 2, 3, 4, 2, 1, 3, 5, 0, 0, 0, 2, 0, 3, 1, 0, 1, 2, 0, 0, 0, 1, 2, 2, 1, 3, 0, 0, 0, 0, 3, 0, 0, 0, 0, 3, 0, 0, 0, 0, 3, 0, 1, 0, 2, 0, 3, 2, 8, 0, 3, 1, 0, 4, 0, 0, 2, 2, 0, 3, 0, 0, 0, 0, 0, 1, 3, 0, 0, 0, 2, 1, 2, 2, 4, 1, 2, 1]"
2020-11-11 17:56:23,8800000000000,tester,m,40,165,72,-0.462,-0.883,-0.031,25.899,18.379,61.44,"[0, 1, 3, 1, 5, 1, 4, 3, 1, 1, 1015, 1, 3, 3, 0, 0, 0, 0, 1, 0, 3, 1, 0, 0, 1, 0, 0, 0, 2, 2, 0, 0, 2, 0, 2, 2, 1, 0, 1, 2, 1, 1, 0, 0, 0, 0, 2, 1, 0, 0, 0, 0, 0, 2, 0, 1, 2, 2, 2, 2, 1, 1, 0, 1, 1, 1, 4, 1, 0, 1, 1, 1, 1, 3, 0, 2, 0, 0, 1, 2, 0, 1, 3, 3, 3, 0, 3, 0, 0, 0, 1, 1, 1, 3, 6, 0, 1, 1, 9, 0, 0, 1, 0, 2, 0, 2, 0, 2, 0, 2, 0, 0, 0, 1, 2, 0, 2, 1, 0, 0, 0, 1, 0, 0, 0, 0, 0, 1, 1, 0, 0, 0, 0, 1, 0, 0, 0, 2, 1, 1, 0, 1, 4, 2, 2, 0, 0, 2, 2, 0, 0, 0, 1, 1, 4, 1, 0, 0, 0, 2]"
2020-11-11 17:56:23,8800000000000,tester,m,40,165,72,-0.46,-0.882,-0.031,25.899,18.405,81.92,"[26, 1, 0, 2, 0, 0, 2, 2, 2, 2, 0, 1, 0, 0, 2, 2, 0, 2, 1, 2, 76, 0, 1, 1, 1, 0, 4, 0, 0, 0, 0, 0, 0, 0, 0, 1, 0, 1, 2, 0, 0, 0, 0, 1, 0, 0, 2, 0, 0, 1, 0, 0, 0, 2, 2, 1, 0, 1, 0, 3, 0, 0, 2, 0, 2, 4, 3, 5, 0, 0, 0, 0, 0, 1, 0, 3, 3, 4, 0, 1, 0, 1, 1, 1, 3, 1, 2, 0, 0, 1, 3, 1, 2, 2, 3, 0, 1, 0, 1, 2, 1, 1, 0, 1, 2, 0, 0, 3, 0, 2, 0, 1, 4, 1, 0, 0, 0, 0, 0, 1, 0, 0, 4, 1, 1, 5, 2, 1, 1, 1, 0, 0, 0, 1, 2, 1, 2, 4, 2, 0, 0, 0, 0, 0, 2, 0, 0, 0, 0, 3, 1, 1, 8, 2, 0, 3, 4, 3, 4, 0]"
2020-11-11 17:56:24,8800000000000,tester,m,40,165,72,-0.462,-0.883,-0.031,25.92,18.414,61.44,"[1, 0, 0, 2, 1, 2, 3, 0, 2, 0, 1011, 3, 0, 0, 2, 3, 0, 0, 4, 2, 12, 0, 1, 2, 2, 3, 2, 3, 1, 1, 0, 2, 0, 1, 0, 0, 0, 0, 0, 0, 3, 0, 0, 0, 0, 0, 0, 3, 0, 1, 1, 2, 0, 3, 2, 0, 0, 1, 2, 1, 1, 0, 1, 1, 2, 0, 2, 0, 0, 0, 2, 3, 0, 1, 3, 1, 0, 2, 0, 2, 2, 3, 0, 1, 2, 0, 2, 0, 1, 1, 0, 3, 3, 2, 2, 0, 1, 3, 2, 0, 0, 2, 1, 1, 4, 4, 1, 1, 8, 2, 0, 1, 0, 0, 2, 2, 0, 0, 0, 1, 0, 0, 0, 0, 3, 0, 0, 4, 1, 0, 0, 0, 0, 1, 0, 3, 3, 1, 1, 1, 0, 0, 2, 2, 3, 0, 1, 0, 2, 2, 0, 0, 0, 3, 0, 0, 2, 1, 0, 1]"
2020-11-11 17:56:24,8800000000000,tester,m,40,165,72,-0.462,-0.883,-0.031,25.928,18.407,81.92,"[1, 0, 2, 2, 5, 5, 0, 1, 0, 1, 1018, 2, 0, 1, 3, 1, 3, 0, 1, 2, 3, 0, 3, 0, 3, 0, 1, 0, 0, 1, 2, 1, 2, 1, 2, 4, 4, 2, 1, 0, 0, 0, 2, 0, 2, 1, 0, 0, 0, 0, 0, 2, 0, 0, 1, 0, 0, 0, 0, 1, 0, 0, 0, 2, 1, 2, 0, 2, 0, 1, 0, 0, 0, 2, 0, 0, 2, 1, 0, 0, 3, 0, 1, 3, 1, 1, 2, 3, 0, 2, 0, 0, 1, 1, 2, 2, 1, 2, 4, 0, 29, 0, 17, 0, 1, 0, 2, 2, 1, 0, 2, 2, 0, 0, 0, 3, 1, 2, 2, 2, 0, 0, 2, 0, 0, 0, 0, 2, 3, 0, 1, 0, 2, 0, 0, 0, 0, 0, 3, 1, 0, 2, 0, 0, 2, 2, 0, 0, 0, 1, 0, 0, 0, 1, 0, 0, 1, 0, 3, 0]"
2020-11-11 17:56:25,8800000000000,tester,m,40,165,72,-0.462,-0.882,-0.031,25.915,18.393,61.44,"[1, 0, 0, 2, 1, 2, 0, 1, 0, 1, 1014, 0, 5, 2, 0, 3, 1, 2, 1, 2, 76, 2, 0, 0, 2, 0, 1, 1, 0, 1, 0, 1, 3, 1, 6, 4, 4, 0, 3, 1, 34, 0, 2, 2, 2, 1, 4, 1, 0, 0, 0, 0, 0, 1, 0, 0, 1, 1, 4, 2, 0, 0, 1, 1, 0, 3, 0, 0, 2, 0, 12, 0, 1, 2, 2, 2, 0, 0, 0, 2, 0, 0, 0, 1, 2, 2, 0, 11, 0, 2, 3, 2, 1, 0, 0, 3, 5, 1, 4, 2, 25, 1, 2, 0, 0, 0, 2, 3, 3, 3, 0, 0, 2, 2, 3, 0, 1, 3, 0, 0, 0, 2, 4, 2, 3, 2, 2, 2, 1, 0, 0, 0, 1, 1, 1, 1, 0, 2, 0, 1, 0, 1, 1, 2, 0, 0, 0, 2, 6, 1, 6, 0, 2, 1, 3, 2, 1, 2, 2, 0]"
2020-11-11 17:56:25,8800000000000,tester,m,40,165,72,-0.462,-0.882,-0.031,25.966,18.393,81.92,"[0, 0, 2, 0, 0, 0, 1, 0, 0, 0, 1015, 30, 3, 2, 3, 0, 1, 1, 3, 3, 15, 3, 3, 1, 3, 0, 0, 0, 4, 0, 0, 0, 0, 2, 0, 1, 0, 0, 2, 2, 2, 1, 5, 2, 0, 0, 0, 0, 2, 2, 0, 2, 2, 0, 0, 0, 0, 0, 0, 3, 0, 0, 0, 0, 0, 1, 2, 0, 0, 0, 0, 0, 2, 1, 3, 0, 2, 0, 3, 2, 0, 0, 0, 2, 2, 1, 0, 0, 2, 0, 0, 0, 1, 1, 3, 1, 1, 3, 4, 2, 0, 2, 4, 3, 1, 1, 1, 1, 2, 1, 2, 5, 3, 3, 0, 1, 0, 0, 4, 1, 0, 0, 1, 3, 3, 0, 1, 2, 1, 2, 0, 1, 4, 2, 7, 2, 0, 0, 0, 1, 0, 0, 0, 0, 0, 0, 0, 0, 3, 0, 0, 1, 1, 1, 6, 0, 4, 1, 2, 0]"
2020-11-11 17:56:26,8800000000000,tester,m,40,165,72,-0.462,-0.878,-0.031,25.923,18.408,81.92,"[3, 0, 0, 2, 6, 0, 0, 0, 1, 1, 1006, 0, 0, 1, 0, 0, 0, 0, 1, 0, 0, 2, 0, 2, 1, 0, 5, 1, 5, 1, 0, 0, 2, 1, 0, 3, 0, 2, 1, 0, 41, 0, 1, 1, 2, 1, 2, 1, 1, 2, 0, 2, 2, 3, 1, 3, 0, 1, 2, 2, 0, 2, 0, 0, 0, 1, 1, 0, 0, 0, 13, 1, 2, 2, 1, 0, 2, 0, 0, 2, 0, 0, 2, 0, 1, 0, 2, 0, 2, 0, 18, 2, 0, 0, 0, 3, 3, 0, 1, 1, 0, 0, 1, 2, 0, 4, 1, 0, 5, 0, 0, 2, 16, 2, 0, 0, 4, 0, 1, 2, 0, 0, 1, 2, 2, 1, 3, 0, 0, 3, 0, 1, 4, 0, 1, 2, 0, 2, 0, 1, 0, 0, 0, 2, 1, 0, 2, 3, 2, 2, 0, 0, 0, 1, 0, 2, 0, 1, 0, 1]"
2020-11-11 17:56:26,8800000000000,tester,m,40,165,72,-0.462,-0.884,-0.031,25.928,18.427,61.44,"[1, 0, 2, 0, 0, 2, 0, 1, 0, 0, 1014, 0, 1, 0, 3, 0, 4, 0, 1, 1, 3, 0, 2, 0, 5, 0, 2, 0, 3, 1, 0, 2, 0, 2, 1, 1, 0, 0, 0, 2, 2, 1, 3, 0, 2, 0, 2, 2, 0, 0, 0, 1, 1, 2, 1, 0, 1, 0, 1, 3, 0, 0, 0, 1, 2, 1, 1, 2, 2, 1, 0, 0, 0, 1, 0, 0, 0, 2, 1, 1, 0, 0, 0, 1, 0, 0, 0, 1, 1, 0, 1, 1, 0, 0, 4, 0, 0, 0, 0, 0, 0, 0, 1, 0, 0, 0, 0, 0, 0, 1, 0, 0, 0, 0, 0, 0, 3, 2, 3, 1, 1, 1, 0, 3, 4, 3, 1, 3, 2, 2, 0, 0, 2, 1, 2, 0, 2, 1, 1, 7, 0, 1, 1, 1, 1, 0, 3, 1, 0, 2, 0, 2, 2, 2, 0, 0, 0, 1, 0, 0]"
2020-11-11 17:56:27,8800000000000,tester,m,40,165,72,-0.46,-0.884,-0.031,25.936,18.427,81.92,"[329, 0, 0, 1, 0, 0, 2, 0, 4, 2, 1018, 0, 0, 1, 5, 4, 0, 1, 1, 1, 1, 1, 0, 2, 1, 0, 1, 3, 2, 0, 0, 0, 0, 0, 0, 0, 0, 4, 0, 4, 0, 1, 2, 2, 0, 0, 1, 11, 0, 2, 0, 0, 0, 0, 4, 2, 2, 3, 0, 1, 0, 1, 2, 1, 2, 3, 0, 0, 3, 1, 0, 1, 1, 2, 0, 0, 1, 2, 3, 1, 0, 0, 0, 0, 0, 0, 0, 0, 1, 1, 0, 0, 0, 0, 1, 0, 0, 0, 1, 2, 3, 2, 2, 0, 0, 0, 1, 2, 0, 1, 1, 0, 0, 0, 1, 0, 1, 2, 1, 1, 0, 0, 1, 1, 1, 1, 0, 4, 2, 2, 1, 2, 0, 1, 1, 0, 4, 0, 4, 0, 0, 0, 1, 1, 1, 0, 0, 2, 0, 0, 2, 1, 3, 4, 1, 2, 0, 2, 6, 0]"
2020-11-11 17:56:27,8800000000000,tester,m,40,165,72,-0.46,-0.884,-0.031,25.95,18.427,61.44,"[0, 0, 0, 2, 3, 3, 1, 0, 1, 0, 1019, 0, 0, 0, 2, 1, 0, 2, 2, 1, 16, 1, 2, 1, 2, 0, 0, 2, 0, 1, 0, 1, 2, 0, 2, 0, 0, 2, 1, 2, 4, 0, 0, 0, 1, 2, 0, 4, 3, 1, 4, 1, 3, 2, 0, 1, 1, 2, 2, 3, 0, 0, 0, 0, 0, 2, 4, 0, 0, 2, 2, 0, 2, 2, 3, 3, 2, 2, 0, 2, 0, 0, 0, 4, 0, 3, 1, 2, 3, 0, 0, 0, 3, 0, 1, 2, 3, 2, 0, 0, 0, 1, 1, 2, 1, 0, 0, 0, 3, 1, 0, 0, 0, 1, 0, 0, 2, 0, 2, 0, 0, 0, 1, 1, 0, 3, 0, 0, 1, 0, 0, 3, 0, 3, 3, 0, 4, 2, 1, 2, 2, 2, 2, 3, 1, 1, 2, 2, 2, 1, 0, 1, 0, 0, 0, 1, 5, 1, 0, 3]"
2020-11-11 17:56:28,8800000000000,tester,m,40,165,72,-0.462,-0.884,-0.031,25.939,18.427,81.92,"[2, 1, 1, 1, 1, 2, 2, 0, 0, 1, 1011, 0, 2, 0, 4, 2, 0, 1, 1, 4, 0, 0, 1, 2, 1, 0, 0, 0, 0, 0, 0, 3, 1, 1, 2, 2, 4, 2, 1, 1, 1, 0, 0, 1, 0, 0, 0, 1, 3, 0, 0, 0, 2, 0, 3, 2, 3, 6, 3, 1, 0, 4, 4, 1, 2, 0, 0, 0, 0, 0, 0, 0, 1, 2, 3, 1, 0, 2, 2, 0, 0, 1, 5, 2, 0, 1, 0, 2, 0, 0, 0, 2, 1, 3, 4, 3, 0, 2, 0, 0, 24, 1, 1, 0, 0, 0, 0, 1, 3, 1, 0, 0, 0, 0, 0, 2, 2, 2, 3, 2, 0, 2, 2, 1, 0, 0, 0, 0, 1, 1, 10, 0, 3, 2, 1, 2, 3, 1, 4, 0, 1, 0, 0, 2, 3, 1, 2, 2, 2, 1, 6, 1, 2, 2, 5, 3, 0, 1, 1, 0]"
2020-11-11 17:56:28,8800000000000,tester,m,40,165,72,-0.461,-0.883,-0.031,25.928,18.44,61.44,"[1, 2, 1, 0, 2, 2, 2, 1, 4, 3, 1007, 1, 1, 2, 0, 0, 1, 2, 1, 1, 120, 0, 0, 0, 0, 2, 1, 0, 0, 0, 0, 0, 1, 1, 0, 0, 0, 0, 0, 2, 0, 0, 0, 1, 1, 0, 0, 0, 1, 1, 0, 0, 0, 2, 0, 0, 4, 1, 2, 0, 0, 3, 2, 1, 3, 3, 1, 0, 0, 2, 18, 2, 2, 2, 0, 2, 5, 1, 2, 0, 0, 2, 2, 2, 0, 1, 2, 0, 2, 2, 12, 0, 1, 1, 2, 1, 2, 1, 0, 1, 0, 0, 2, 2, 0, 0, 0, 0, 1, 2, 0, 0, 0, 2, 2, 0, 0, 1, 3, 2, 0, 1, 1, 0, 0, 0, 0, 3, 0, 0, 9, 0, 2, 3, 0, 2, 0, 0, 0, 0, 0, 0, 2, 2, 3, 2, 4, 0, 3, 1, 2, 1, 1, 2, 0, 2, 2, 2, 2, 0]"
2020-11-11 17:56:29,8800000000000,tester,m,40,165,72,-0.462,-0.883,-0.031,25.942,18.456,81.92,"[0, 2, 0, 4, 2, 0, 1, 0, 2, 1, 1007, 0, 5, 2, 5, 1, 0, 3, 0, 0, 1, 3, 2, 2, 1, 1, 1, 0, 2, 1, 0, 0, 0, 0, 1, 0, 0, 0, 0, 0, 1, 0, 0, 2, 1, 0, 0, 3, 4, 3, 0, 1, 2, 0, 0, 2, 1, 1, 1, 0, 0, 0, 0, 1, 3, 5, 0, 1, 2, 2, 0, 2, 0, 2, 3, 0, 0, 0, 2, 3, 5, 1, 2, 1, 0, 2, 0, 0, 0, 3, 2, 0, 2, 1, 0, 2, 2, 0, 0, 2, 2, 1, 2, 2, 2, 0, 3, 1, 1, 1, 0, 0, 0, 0, 0, 1, 2, 2, 0, 1, 0, 0, 1, 0, 0, 0, 2, 0, 0, 0, 0, 1, 8, 2, 1, 0, 0, 2, 0, 0, 0, 0, 2, 0, 1, 1, 0, 0, 0, 2, 1, 0, 1, 3, 0, 0, 2, 1, 4, 2]"
2020-11-11 17:56:29,8800000000000,tester,m,40,165,72,-0.462,-0.883,-0.031,25.942,18.427,61.44,"[2, 0, 2, 2, 0, 4, 2, 0, 0, 2, 989, 0, 5, 3, 2, 3, 0, 4, 0, 3, 144, 0, 0, 3, 2, 4, 1, 1, 2, 0, 1, 2, 2, 1, 2, 0, 0, 0, 0, 2, 0, 0, 0, 1, 0, 2, 2, 2, 2, 0, 0, 0, 0, 0, 0, 0, 0, 0, 1, 1, 0, 1, 1, 1, 2, 1, 0, 4, 0, 0, 20, 0, 1, 1, 0, 1, 2, 2, 2, 2, 0, 1, 2, 3, 0, 3, 2, 2, 3, 0, 8, 0, 0, 1, 0, 1, 1, 0, 0, 1, 16, 2, 2, 0, 1, 1, 1, 3, 0, 1, 0, 2, 6, 2, 1, 3, 0, 1, 0, 0, 4, 0, 18, 1, 0, 0, 0, 1, 0, 0, 0, 0, 1, 2, 0, 2, 3, 0, 0, 2, 0, 0, 1, 0, 2, 3, 0, 0, 0, 0, 0, 0, 0, 2, 1, 0, 2, 1, 2, 2]"
2020-11-11 17:56:30,8800000000000,tester,m,40,165,72,-0.461,-0.883,-0.031,25.95,18.469,81.92,"[0, 0, 0, 1, 1, 0, 1, 3, 0, 1, 1004, 1, 0, 3, 0, 0, 1, 1, 0, 0, 4, 1, 0, 1, 4, 2, 6, 0, 0, 1, 0, 1, 0, 0, 1, 1, 1, 2, 5, 2, 0, 0, 2, 2, 0, 0, 0, 0, 0, 0, 0, 0, 6, 0, 4, 0, 1, 2, 1, 1, 0, 3, 1, 2, 0, 0, 0, 1, 2, 1, 0, 0, 0, 1, 0, 0, 0, 0, 0, 0, 0, 0, 2, 1, 0, 0, 3, 0, 2, 0, 3, 1, 0, 2, 1, 0, 2, 0, 0, 2, 1, 1, 2, 1, 0, 0, 0, 2, 0, 0, 0, 0, 3, 2, 0, 1, 1, 3, 1, 3, 0, 0, 1, 0, 0, 4, 1, 0, 2, 0, 0, 0, 0, 1, 0, 0, 1, 0, 0, 1, 0, 0, 0, 1, 2, 2, 1, 3, 0, 0, 0, 0, 3, 2, 0, 1, 0, 0, 2, 1]"
2020-11-11 17:56:30,8800000000000,tester,m,40,165,72,-0.462,-0.879,-0.031,25.931,18.448,61.44,"[0, 1, 0, 1, 2, 0, 1, 0, 2, 2, 922, 0, 3, 0, 2, 0, 1, 1, 4, 3, 1, 0, 3, 2, 2, 0, 1, 2, 0, 1, 1, 0, 17, 0, 0, 0, 2, 1, 1, 3, 1, 1, 1, 2, 4, 2, 2, 2, 1, 1, 1, 2, 0, 0, 0, 0, 1, 0, 2, 2, 0, 0, 0, 2, 0, 1, 1, 0, 2, 0, 25, 0, 3, 7, 0, 3, 3, 0, 4, 1, 0, 0, 1, 0, 0, 1, 0, 0, 7, 0, 0, 0, 0, 0, 0, 0, 2, 1, 3, 3, 24, 2, 2, 1, 2, 2, 1, 2, 3, 1, 0, 0, 0, 0, 3, 3, 4, 2, 1, 1, 3, 1, 2, 0, 2, 1, 1, 0, 0, 0, 17, 1, 1, 2, 4, 1, 0, 3, 0, 0, 0, 0, 3, 0, 2, 0, 1, 2, 0, 2, 0, 1, 1, 1, 0, 2, 0, 0, 1, 0]"
2020-11-11 17:56:31,8800000000000,tester,m,40,165,72,-0.461,-0.881,-0.031,25.95,18.466,81.92,"[0, 0, 3, 1, 2, 2, 2, 0, 2, 2, 999, 0, 2, 1, 3, 0, 55, 0, 2, 0, 17, 4, 0, 1, 2, 0, 2, 0, 1, 1, 0, 2, 4, 0, 0, 0, 2, 0, 3, 3, 5, 1, 1, 1, 2, 4, 2, 3, 3, 2, 2, 2, 2, 2, 0, 3, 3, 2, 0, 1, 0, 0, 0, 1, 1, 0, 2, 1, 0, 0, 0, 0, 1, 1, 1, 2, 1, 4, 3, 0, 3, 0, 1, 2, 2, 0, 0, 0, 1, 2, 0, 1, 1, 0, 3, 0, 0, 2, 1, 1, 0, 1, 2, 2, 2, 1, 4, 3, 5, 1, 1, 4, 0, 3, 3, 2, 2, 3, 3, 0, 0, 1, 1, 1, 3, 2, 0, 1, 1, 1, 1, 2, 0, 0, 0, 2, 1, 1, 1, 2, 0, 0, 2, 0, 0, 1, 3, 0, 0, 2, 0, 0, 0, 3, 2, 0, 1, 4, 0, 1]"
2020-11-11 17:56:31,8800000000000,tester,m,40,165,72,-0.462,-0.884,-0.031,25.915,18.494,61.44,"[0, 0, 0, 0, 1, 0, 0, 1, 1, 1, 1002, 0, 0, 1, 2, 0, 2, 1, 2, 1, 0, 0, 0, 2, 0, 0, 1, 2, 4, 2, 0, 3, 4, 4, 0, 2, 0, 0, 2, 0, 2, 2, 4, 1, 2, 3, 3, 2, 2, 0, 0, 2, 0, 2, 3, 0, 1, 1, 3, 1, 1, 3, 1, 2, 1, 1, 2, 0, 0, 0, 0, 1, 3, 3, 1, 1, 0, 1, 0, 0, 0, 0, 0, 1, 0, 1, 0, 0, 3, 2, 0, 1, 0, 0, 4, 14, 0, 0, 0, 2, 0, 0, 0, 2, 2, 3, 1, 0, 0, 0, 0, 0, 3, 2, 4, 0, 0, 4, 3, 2, 0, 1, 2, 2, 1, 0, 3, 2, 0, 3, 7, 1, 0, 1, 3, 1, 0, 1, 2, 0, 0, 2, 2, 1, 3, 0, 1, 2, 0, 1, 0, 0, 0, 0, 0, 0, 0, 1, 0, 2]"
2020-11-11 17:56:32,8800000000000,tester,m,40,165,72,-0.462,-0.884,-0.031,25.936,18.495,81.92,"[0, 0, 0, 2, 0, 2, 0, 2, 0, 0, 1006, 0, 2, 1, 0, 0, 1, 2, 5, 0, 232, 1, 2, 0, 2, 0, 0, 0, 0, 0, 0, 0, 0, 0, 3, 1, 2, 0, 2, 2, 0, 2, 3, 3, 2, 0, 1, 3, 3, 3, 0, 1, 0, 0, 2, 2, 0, 3, 3, 1, 0, 1, 2, 0, 1, 3, 3, 0, 2, 2, 21, 1, 0, 2, 0, 0, 0, 1, 1, 0, 0, 1, 0, 0, 4, 1, 0, 0, 0, 0, 13, 0, 1, 1, 1, 0, 0, 2, 2, 0, 0, 0, 0, 0, 0, 0, 0, 0, 2, 0, 0, 0, 0, 0, 0, 3, 0, 3, 2, 0, 5, 1, 0, 2, 2, 3, 0, 2, 2, 2, 11, 0, 0, 1, 2, 0, 3, 0, 4, 0, 0, 0, 1, 1, 1, 1, 0, 3, 1, 1, 0, 0, 3, 1, 2, 4, 1, 0, 1, 1]"
2020-11-11 17:56:32,8800000000000,tester,m,40,165,72,-0.461,-0.883,-0.031,25.939,18.477,61.44,"[0, 1, 1, 1, 0, 0, 0, 4, 4, 2, 1007, 0, 0, 2, 1, 0, 0, 0, 1, 1, 0, 0, 2, 2, 4, 4, 2, 0, 0, 0, 0, 0, 0, 2, 0, 1, 0, 0, 0, 1, 0, 0, 4, 0, 0, 3, 5, 4, 2, 1, 0, 3, 2, 1, 1, 0, 1, 2, 2, 0, 0, 1, 2, 1, 0, 0, 2, 2, 3, 2, 0, 1, 1, 1, 0, 1, 3, 2, 3, 1, 0, 1, 1, 0, 0, 3, 0, 0, 0, 0, 0, 5, 0, 0, 2, 0, 0, 0, 0, 1, 0, 0, 1, 1, 1, 1, 0, 0, 2, 1, 0, 0, 0, 0, 2, 0, 1, 4, 2, 0, 0, 0, 5, 0, 1, 0, 1, 4, 0, 2, 0, 3, 3, 4, 1, 2, 0, 2, 2, 1, 1, 1, 4, 1, 0, 0, 0, 0, 0, 2, 0, 1, 2, 1, 0, 2, 1, 1, 5, 0]"
2020-11-11 17:56:33,8800000000000,tester,m,40,165,72,-0.461,-0.884,-0.031,25.966,18.529,81.92,"[0, 1, 0, 3, 2, 0, 0, 2, 3, 1, 989, 1, 1, 0, 0, 1, 0, 0, 0, 0, 78, 1, 2, 1, 0, 0, 0, 2, 1, 2, 1, 0, 2, 1, 2, 0, 1, 1, 0, 2, 0, 0, 2, 1, 0, 2, 0, 0, 0, 0, 8, 0, 5, 1, 3, 2, 4, 2, 1, 1, 0, 2, 3, 1, 0, 0, 1, 1, 1, 1, 6, 0, 1, 0, 0, 5, 0, 0, 0, 0, 0, 1, 0, 2, 4, 3, 0, 2, 1, 3, 1, 1, 2, 0, 2, 1, 1, 3, 0, 0, 0, 0, 0, 2, 0, 10, 0, 2, 2, 0, 0, 0, 1, 0, 1, 5, 2, 1, 1, 0, 0, 0, 2, 0, 4, 0, 30, 1, 2, 1, 4, 0, 0, 1, 3, 3, 1, 15, 3, 0, 0, 1, 0, 0, 4, 0, 0, 3, 0, 1, 0, 0, 2, 2, 2, 0, 4, 2, 2, 3]"
2020-11-11 17:56:33,8800000000000,tester,m,40,165,72,-0.459,-0.884,-0.031,25.955,18.495,61.44,"[1, 1, 0, 0, 3, 2, 0, 1, 1, 1, 1010, 2, 0, 1, 3, 2, 0, 2, 0, 1, 2, 0, 2, 0, 0, 0, 0, 1, 1, 1, 0, 1, 0, 1, 0, 1, 2, 0, 3, 0, 0, 0, 1, 0, 2, 2, 0, 0, 3, 1, 1, 0, 2, 0, 5, 2, 1, 0, 1, 0, 3, 2, 2, 0, 4, 2, 2, 3, 1, 3, 0, 2, 1, 3, 2, 1, 2, 3, 0, 2, 0, 0, 5, 2, 0, 4, 1, 0, 0, 0, 1, 0, 1, 1, 7, 2, 2, 0, 2, 0, 4, 0, 2, 0, 0, 0, 0, 1, 0, 0, 2, 0, 2, 2, 0, 2, 0, 2, 0, 2, 0, 0, 1, 0, 2, 2, 1, 2, 2, 0, 0, 0, 0, 0, 0, 2, 0, 1, 0, 0, 0, 0, 5, 3, 0, 4, 0, 0, 4, 0, 0, 0, 3, 2, 3, 1, 3, 0, 0, 0]"
2020-11-11 17:56:34,8800000000000,tester,m,40,165,72,-0.459,-0.884,-0.031,25.963,18.503,81.92,"[1, 1, 3, 3, 2, 1, 2, 0, 0, 2, 919, 2, 0, 1, 0, 2, 1, 3, 2, 3, 0, 0, 2, 0, 8, 0, 2, 0, 1, 0, 0, 0, 0, 0, 0, 2, 0, 2, 0, 2, 0, 0, 0, 2, 0, 2, 2, 0, 2, 0, 0, 1, 0, 1, 2, 3, 1, 0, 0, 1, 0, 0, 0, 1, 1, 0, 0, 1, 0, 0, 9, 4, 4, 2, 1, 0, 2, 2, 3, 1, 0, 1, 4, 3, 1, 0, 0, 3, 0, 2, 3, 2, 2, 1, 0, 2, 0, 3, 0, 2, 3, 2, 0, 1, 2, 2, 0, 0, 3, 0, 0, 1, 0, 2, 4, 1, 0, 2, 0, 0, 0, 0, 0, 0, 1, 2, 0, 2, 0, 0, 2, 0, 0, 2, 3, 3, 0, 0, 2, 2, 0, 0, 0, 2, 1, 0, 1, 0, 4, 0, 0, 0, 2, 3, 0, 3, 0, 5, 1, 1]"
2020-11-11 17:56:34,8800000000000,tester,m,40,165,72,-0.461,-0.882,-0.031,25.915,18.489,61.44,"[1, 1, 2, 1, 2, 0, 0, 0, 2, 6, 1006, 1, 1, 3, 3, 0, 0, 3, 0, 3, 25, 1, 4, 1, 0, 1, 3, 0, 0, 3, 0, 2, 1, 1, 2, 0, 2, 1, 0, 0, 8, 0, 0, 1, 0, 2, 2, 0, 4, 2, 2, 0, 1, 2, 3, 1, 0, 3, 0, 1, 0, 2, 0, 1, 2, 2, 1, 1, 3, 0, 0, 1, 0, 2, 0, 0, 0, 4, 5, 0, 2, 2, 1, 1, 3, 1, 4, 3, 4, 2, 0, 1, 0, 2, 0, 3, 0, 1, 2, 0, 0, 1, 3, 1, 1, 4, 0, 4, 0, 2, 0, 2, 1, 1, 3, 1, 0, 1, 1, 0, 0, 0, 0, 1, 0, 0, 0, 0, 2, 1, 0, 0, 0, 2, 2, 1, 4, 3, 0, 0, 0, 0, 4, 2, 0, 0, 0, 2, 1, 2, 0, 0, 1, 2, 0, 1, 0, 2, 2, 1]"
2020-11-11 17:56:35,8800000000000,tester,m,40,165,72,-0.461,-0.883,-0.031,25.942,18.51,61.44,"[0, 0, 1, 6, 0, 0, 0, 2, 4, 4, 1010, 0, 3, 1, 0, 0, 4, 1, 0, 0, 0, 1, 2, 1, 2, 3, 4, 0, 2, 2, 0, 2, 1, 2, 1, 0, 0, 4, 3, 0, 0, 1, 2, 1, 0, 1, 4, 2, 2, 0, 0, 1, 2, 2, 0, 4, 2, 2, 2, 5, 0, 0, 0, 0, 2, 1, 0, 1, 0, 2, 0, 0, 2, 1, 1, 0, 1, 3, 4, 3, 0, 0, 2, 1, 3, 5, 3, 0, 5, 0, 2, 2, 1, 3, 0, 0, 0, 1, 1, 1, 0, 1, 0, 0, 4, 4, 3, 2, 0, 1, 0, 0, 2, 2, 1, 2, 0, 3, 2, 0, 2, 1, 2, 2, 3, 0, 0, 0, 1, 1, 9, 1, 0, 0, 1, 1, 0, 0, 0, 1, 0, 1, 0, 0, 0, 0, 2, 1, 0, 4, 0, 0, 0, 0, 0, 1, 0, 0, 1, 0]"
2020-11-11 17:56:35,8800000000000,tester,m,40,165,72,-0.459,-0.883,-0.031,25.869,18.523,61.44,"[0, 0, 0, 1, 0, 0, 2, 4, 0, 3, 1000, 0, 0, 4, 0, 2, 3, 2, 2, 0, 85, 2, 1, 1, 0, 3, 1, 2, 1, 0, 0, 2, 4, 0, 1, 2, 0, 2, 2, 0, 0, 0, 3, 1, 2, 0, 2, 2, 0, 3, 3, 0, 0, 1, 0, 0, 1, 0, 2, 2, 0, 1, 1, 1, 0, 3, 3, 1, 2, 2, 8, 0, 0, 0, 0, 0, 3, 0, 1, 0, 0, 0, 2, 2, 0, 1, 2, 3, 2, 2, 1, 0, 2, 1, 3, 0, 2, 1, 0, 2, 2, 2, 3, 3, 3, 1, 1, 3, 0, 10, 0, 1, 1, 1, 1, 1, 0, 2, 1, 0, 2, 1, 0, 2, 1, 0, 0, 0, 0, 2, 3, 2, 2, 0, 3, 1, 0, 2, 1, 0, 0, 1, 3, 2, 0, 0, 1, 1, 3, 0, 0, 2, 2, 0, 0, 1, 0, 0, 2, 0]"
2020-11-11 17:56:36,8800000000000,tester,m,40,165,72,-0.459,-0.883,-0.031,25.923,18.52,61.44,"[0, 1, 1, 0, 0, 2, 0, 0, 2, 0, 1009, 1, 3, 3, 0, 0, 0, 1, 0, 2, 2, 2, 2, 2, 2, 4, 1, 1, 1, 0, 0, 2, 2, 1, 0, 2, 1, 3, 1, 1, 0, 0, 1, 2, 0, 0, 4, 0, 2, 0, 0, 1, 0, 0, 0, 4, 1, 2, 0, 1, 0, 0, 2, 1, 0, 4, 0, 0, 0, 1, 1, 0, 3, 2, 4, 1, 0, 1, 0, 1, 0, 0, 3, 1, 2, 0, 0, 0, 0, 0, 0, 0, 0, 1, 0, 1, 2, 0, 0, 0, 1, 2, 3, 2, 0, 2, 3, 0, 7, 1, 1, 3, 2, 1, 2, 1, 1, 3, 1, 0, 0, 3, 4, 0, 2, 0, 3, 2, 0, 2, 0, 2, 4, 1, 1, 1, 0, 2, 2, 0, 0, 2, 0, 1, 2, 0, 1, 1, 2, 1, 0, 0, 0, 1, 2, 3, 0, 0, 2, 2]"
