collect_time,duid,name,sex,age,height,weight,accelerationx,accelerationy,accelerationz,temperature,humidity,lightsensor,pad_value
2020-11-10 19:06:22,8800000000000,tester,m,40,165,72,-0.844,0.055,-0.533,26.959,17.508,40.96,"[0, 0, 0, 0, 0, 2, 0, 0, 0, 1, 4, 0, 2, 0, 0, 0, 0, 0, 1, 1, 0, 1, 0, 0, 2, 0, 0, 1, 1, 0, 43, 0, 1, 0, 0, 0, 0, 0, 0, 0, 0, 2, 0, 0, 0, 2, 0, 0, 0, 0, 2, 0, 0, 1, 1, 1, 1, 1, 0, 0, 0, 0, 0, 0, 0, 0, 0, 0, 0, 1, 3, 0, 0, 0, 0, 0, 1, 3, 2, 2, 0, 1, 0, 1, 1, 1, 6, 0, 1, 2, 0, 0, 0, 0, 1, 0, 1, 0, 0, 1, 0, 0, 0, 0, 0, 0, 0, 0, 0, 1, 0, 1, 2, 0, 1, 0, 0, 1, 0, 0, 0, 0, 2, 0, 0, 0, 0, 0, 0, 0, 0, 0, 0, 0, 0, 0, 0, 0, 0, 0, 0, 0, 0, 0, 0, 0, 0, 0, 0, 0, 0, 0, 0, 0, 0, 1, 0, 0, 0, 0]"
2020-11-10 19:06:23,8800000000000,tester,m,40,165,72,-0.842,0.055,-0.533,26.994,17.517,20.48,"[0, 0, 0, 0, 0, 0, 0, 0, 0, 0, 0, 0, 0, 0, 0, 0, 0, 1, 1, 2, 0, 2, 0, 0, 0, 1, 1, 1, 0, 0, 2, 1, 0, 1, 0, 0, 0, 0, 0, 1, 0, 0, 0, 0, 2, 1, 1, 0, 0, 1, 0, 0, 1, 0, 0, 0, 0, 0, 1, 0, 0, 0, 0, 0, 0, 0, 0, 0, 0, 0, 0, 1, 0, 0, 0, 0, 0, 0, 0, 1, 0, 0, 1, 0, 0, 0, 0, 0, 0, 1, 0, 0, 0, 0, 0, 0, 0, 0, 1, 1, 0, 4, 3, 2, 2, 2, 0, 1, 0, 1, 2, 1, 0, 0, 2, 0, 0, 0, 0, 0, 0, 0, 0, 0, 0, 0, 0, 1, 1, 0, 0, 0, 59, 1, 2, 0, 0, 0, 0, 0, 0, 0, 0, 0, 1, 0, 0, 0, 0, 0, 0, 0, 0, 0, 0, 0, 0, 0, 0, 0]"
2020-11-10 19:06:24,8800000000000,tester,m,40,165,72,-0.844,0.055,-0.533,26.975,17.461,20.48,"[0, 0, 0, 0, 0, 0, 0, 0, 0, 0, 0, 0, 1, 0, 6, 1, 0, 1, 3, 2, 0, 1, 0, 0, 0, 1, 0, 0, 1, 0, 0, 0, 1, 0, 0, 0, 1, 1, 3, 2, 0, 3, 2, 2, 0, 0, 1, 3, 3, 0, 3, 2, 0, 0, 1, 0, 2, 0, 1, 0, 0, 1, 0, 0, 0, 0, 0, 0, 1, 1, 0, 2, 1, 0, 0, 1, 0, 0, 0, 0, 0, 0, 0, 0, 0, 0, 1, 0, 0, 0, 0, 0, 0, 0, 0, 0, 0, 0, 0, 0, 0, 0, 0, 0, 0, 0, 0, 0, 0, 0, 0, 0, 0, 0, 0, 0, 0, 0, 0, 1, 0, 4, 4, 1, 0, 4, 2, 0, 1, 2, 2, 0, 0, 1, 0, 0, 1, 4, 4, 0, 0, 1, 1, 0, 0, 1, 1, 0, 1, 0, 0, 2, 0, 1, 0, 0, 1, 0, 0, 0]"
2020-11-10 19:06:25,8800000000000,tester,m,40,165,72,-0.843,0.054,-0.533,26.978,17.451,20.48,"[0, 0, 0, 0, 0, 0, 0, 0, 0, 0, 0, 0, 0, 0, 0, 0, 0, 0, 0, 0, 0, 1, 0, 0, 0, 0, 0, 1, 0, 0, 0, 0, 0, 0, 0, 3, 0, 1, 0, 0, 0, 0, 0, 0, 0, 0, 1, 0, 0, 0, 0, 0, 2, 0, 0, 0, 0, 0, 0, 1, 0, 0, 1, 1, 2, 0, 0, 0, 0, 0, 3, 4, 1, 0, 0, 0, 2, 0, 0, 0, 0, 1, 0, 0, 0, 1, 0, 0, 0, 0, 1, 2, 1, 0, 0, 0, 0, 0, 0, 0, 0, 0, 0, 0, 0, 0, 0, 0, 0, 0, 0, 0, 0, 0, 1, 0, 2, 0, 0, 0, 0, 0, 0, 0, 0, 2, 1, 1, 0, 0, 0, 0, 0, 0, 0, 0, 0, 0, 0, 0, 1, 0, 1, 0, 4, 2, 1, 1, 4, 1, 0, 2, 0, 0, 0, 0, 0, 0, 1, 0]"
2020-11-10 19:06:26,8800000000000,tester,m,40,165,72,-0.844,0.056,-0.533,26.962,17.441,20.48,"[0, 1, 0, 2, 2, 2, 1, 1, 1, 1, 3, 6, 0, 1, 0, 0, 2, 1, 3, 0, 0, 0, 0, 0, 1, 0, 0, 0, 1, 1, 2, 0, 1, 1, 0, 0, 0, 0, 0, 0, 0, 0, 0, 0, 0, 0, 0, 2, 0, 1, 1, 0, 0, 0, 0, 1, 0, 0, 0, 0, 0, 0, 0, 0, 0, 1, 0, 1, 0, 0, 0, 0, 0, 0, 1, 1, 0, 1, 1, 0, 0, 4, 1, 1, 2, 1, 1, 0, 3, 1, 1, 0, 0, 2, 0, 1, 0, 2, 0, 0, 0, 0, 0, 0, 0, 0, 0, 2, 1, 1, 0, 0, 1, 0, 2, 0, 2, 1, 0, 0, 0, 0, 0, 0, 0, 1, 0, 0, 0, 0, 0, 0, 0, 0, 0, 0, 0, 0, 1, 2, 0, 0, 0, 0, 0, 0, 1, 0, 0, 0, 0, 0, 0, 0, 0, 1, 1, 1, 0, 0]"
2020-11-10 19:06:27,8800000000000,tester,m,40,165,72,-0.843,0.055,-0.533,26.988,17.448,20.48,"[2, 0, 1, 0, 0, 0, 1, 0, 1, 0, 2, 0, 0, 0, 0, 1, 0, 0, 0, 0, 3, 0, 0, 1, 0, 0, 0, 2, 16, 2, 16, 2, 1, 0, 0, 2, 0, 1, 3, 0, 0, 0, 0, 0, 0, 0, 0, 1, 1, 0, 12, 0, 2, 0, 0, 3, 1, 2, 0, 0, 0, 0, 0, 0, 0, 54, 0, 2, 1, 1, 5, 2, 0, 0, 1, 0, 2, 0, 0, 0, 0, 0, 0, 0, 0, 0, 0, 0, 0, 0, 0, 0, 2, 0, 0, 0, 0, 1, 2, 1, 0, 0, 0, 0, 0, 0, 1, 1, 0, 2, 0, 2, 0, 0, 0, 1, 0, 0, 0, 0, 1, 0, 0, 0, 0, 3, 1, 0, 0, 1, 0, 0, 1, 1, 2, 1, 0, 2, 0, 0, 0, 0, 0, 0, 1, 0, 0, 0, 1, 0, 0, 1, 0, 0, 0, 1, 1, 0, 0, 1]"
2020-11-10 19:06:28,8800000000000,tester,m,40,165,72,-0.844,0.054,-0.533,26.943,17.427,20.48,"[0, 0, 3, 0, 4, 1, 0, 0, 0, 0, 227, 0, 1, 0, 0, 3, 0, 1, 0, 0, 0, 0, 0, 0, 0, 0, 0, 1, 0, 0, 0, 0, 0, 0, 0, 1, 0, 1, 1, 1, 0, 1, 0, 0, 3, 1, 2, 1, 0, 2, 0, 0, 0, 1, 0, 1, 2, 0, 4, 2, 0, 2, 0, 0, 1, 0, 0, 1, 0, 0, 5, 2, 0, 0, 1, 2, 0, 0, 0, 0, 0, 0, 0, 0, 1, 2, 0, 0, 0, 0, 0, 1, 0, 0, 0, 0, 0, 0, 1, 0, 0, 1, 0, 0, 0, 0, 1, 0, 0, 0, 0, 0, 0, 0, 0, 0, 0, 0, 0, 2, 0, 3, 2, 1, 1, 0, 1, 1, 2, 1, 1, 4, 11, 1, 0, 1, 1, 2, 0, 0, 1, 0, 0, 0, 0, 0, 0, 1, 0, 0, 0, 1, 0, 0, 0, 1, 0, 1, 1, 1]"
2020-11-10 19:06:29,8800000000000,tester,m,40,165,72,-0.843,0.052,-0.533,26.94,17.435,20.48,"[0, 0, 1, 0, 1, 1, 0, 0, 1, 1, 1, 0, 1, 0, 0, 1, 0, 1, 0, 0, 0, 0, 0, 0, 1, 0, 0, 0, 0, 0, 394, 0, 1, 0, 0, 0, 0, 0, 0, 1, 0, 0, 0, 1, 0, 0, 0, 0, 0, 0, 0, 0, 0, 0, 0, 1, 0, 0, 1, 0, 0, 1, 0, 0, 0, 5, 1, 2, 0, 0, 0, 9, 2, 0, 0, 0, 1, 0, 4, 0, 0, 1, 0, 0, 0, 0, 0, 0, 0, 0, 0, 1, 0, 0, 1, 0, 0, 0, 0, 0, 0, 0, 1, 0, 0, 0, 0, 1, 1, 0, 0, 0, 0, 1, 0, 0, 0, 2, 0, 1, 0, 0, 1, 0, 0, 0, 0, 0, 0, 47, 0, 0, 0, 0, 0, 2, 0, 0, 0, 2, 0, 1, 2, 0, 3, 0, 0, 0, 0, 4, 0, 0, 2, 2, 0, 1, 2, 1, 1, 0]"
2020-11-10 19:06:30,8800000000000,tester,m,40,165,72,-0.844,0.051,-0.533,26.943,17.368,20.48,"[0, 2, 0, 2, 4, 1, 0, 0, 3, 1, 0, 0, 1, 0, 0, 0, 0, 0, 1, 1, 0, 0, 0, 0, 0, 1, 1, 1, 0, 0, 0, 2, 2, 0, 0, 61, 2, 0, 0, 0, 0, 0, 0, 0, 1, 0, 0, 0, 1, 0, 0, 0, 1, 0, 1, 2, 0, 0, 0, 0, 0, 0, 0, 0, 1, 0, 0, 0, 1, 0, 0, 0, 1, 1, 0, 0, 0, 1, 4, 3, 0, 2, 2, 1, 1, 0, 3, 0, 0, 1, 0, 2, 0, 1, 0, 7, 4, 0, 0, 0, 0, 1, 1, 0, 1, 0, 0, 1, 0, 1, 0, 2, 0, 1, 1, 1, 0, 0, 0, 0, 0, 0, 0, 0, 0, 0, 0, 0, 0, 0, 0, 2, 0, 0, 0, 0, 0, 2, 0, 1, 0, 0, 2, 0, 0, 0, 0, 0, 1, 0, 0, 0, 0, 0, 2, 0, 1, 0, 0, 0]"
2020-11-10 19:06:31,8800000000000,tester,m,40,165,72,-0.844,0.051,-0.533,26.975,17.415,40.96,"[0, 0, 0, 0, 0, 0, 1, 0, 0, 0, 0, 0, 0, 0, 0, 0, 2, 0, 1, 1, 0, 2, 0, 0, 1, 1, 0, 2, 1, 0, 0, 0, 1, 0, 0, 1, 1, 0, 1, 0, 1, 0, 0, 0, 2, 0, 0, 2, 0, 1, 4, 0, 0, 0, 0, 0, 1, 0, 0, 0, 0, 0, 0, 0, 0, 2, 0, 0, 0, 0, 0, 0, 2, 0, 1, 0, 1, 0, 0, 0, 0, 0, 0, 0, 1, 0, 0, 0, 0, 0, 12, 0, 1, 0, 0, 0, 0, 1, 1, 1, 0, 2, 1, 0, 2, 2, 2, 2, 1, 1, 0, 3, 2, 1, 0, 0, 2, 0, 0, 2, 0, 1, 0, 0, 1, 0, 0, 1, 0, 0, 0, 1, 2, 0, 0, 0, 0, 0, 0, 0, 0, 0, 0, 0, 1, 1, 0, 0, 0, 0, 0, 0, 0, 3, 1, 0, 1, 0, 2, 0]"
2020-11-10 19:06:32,8800000000000,tester,m,40,165,72,-0.844,0.051,-0.533,26.967,17.397,20.48,"[0, 1, 0, 3, 0, 1, 0, 0, 2, 0, 0, 0, 0, 0, 2, 0, 0, 0, 0, 0, 0, 0, 0, 0, 0, 0, 0, 0, 0, 0, 0, 0, 0, 1, 0, 0, 2, 40, 2, 2, 3, 4, 6, 2, 2, 1, 0, 1, 0, 1, 7, 0, 0, 0, 0, 0, 0, 1, 0, 0, 0, 0, 0, 0, 0, 0, 1, 0, 0, 0, 3, 1, 0, 1, 0, 0, 0, 0, 0, 0, 0, 0, 0, 0, 0, 2, 0, 0, 0, 0, 0, 1, 0, 1, 0, 0, 0, 0, 1, 0, 0, 0, 0, 0, 1, 0, 0, 0, 0, 0, 0, 0, 0, 0, 0, 0, 0, 2, 0, 2, 0, 0, 0, 0, 0, 0, 0, 1, 0, 2, 1, 1, 0, 0, 0, 1, 2, 2, 0, 0, 0, 0, 0, 0, 0, 0, 0, 0, 1, 1, 0, 0, 1, 0, 1, 0, 1, 2, 2, 0]"
2020-11-10 19:06:33,8800000000000,tester,m,40,165,72,-0.844,0.052,-0.533,26.994,17.389,40.96,"[0, 0, 1, 0, 0, 0, 0, 0, 2, 0, 0, 0, 3, 1, 1, 0, 0, 0, 0, 0, 0, 1, 0, 0, 2, 0, 0, 0, 0, 0, 0, 0, 0, 0, 1, 2, 0, 0, 0, 0, 0, 0, 0, 0, 0, 0, 1, 0, 0, 0, 1, 0, 0, 0, 0, 0, 0, 2, 2, 1, 0, 0, 0, 1, 2, 0, 0, 0, 0, 0, 1, 0, 1, 0, 0, 0, 0, 0, 0, 0, 0, 0, 1, 0, 0, 0, 2, 0, 2, 0, 1, 1, 0, 0, 0, 0, 0, 0, 0, 0, 0, 0, 0, 0, 0, 0, 2, 0, 0, 0, 0, 0, 0, 1, 0, 0, 0, 0, 2, 17, 0, 0, 0, 0, 0, 0, 0, 0, 0, 0, 0, 0, 0, 0, 0, 0, 1, 0, 0, 0, 0, 2, 1, 0, 1, 1, 1, 1, 4, 0, 0, 3, 0, 0, 1, 1, 0, 2, 0, 0]"
2020-11-10 19:06:34,8800000000000,tester,m,40,165,72,-0.844,0.051,-0.533,26.924,17.342,20.48,"[15, 0, 6, 0, 0, 0, 2, 0, 0, 0, 0, 0, 0, 2, 0, 0, 0, 0, 1, 0, 219, 0, 2, 0, 0, 0, 2, 0, 1, 0, 0, 1, 0, 0, 2, 0, 0, 1, 0, 0, 0, 0, 1, 0, 0, 0, 0, 0, 0, 0, 0, 0, 0, 1, 2, 0, 0, 0, 0, 0, 0, 0, 0, 0, 0, 0, 0, 0, 0, 0, 0, 0, 0, 0, 0, 0, 2, 1, 0, 1, 0, 0, 2, 1, 1, 2, 3, 4, 0, 0, 0, 0, 0, 1, 0, 2, 0, 0, 1, 0, 0, 2, 0, 0, 1, 0, 1, 1, 1, 1, 0, 0, 0, 0, 0, 1, 0, 2, 0, 0, 0, 0, 0, 0, 0, 0, 0, 0, 0, 0, 0, 0, 1, 0, 0, 0, 0, 0, 3, 0, 0, 0, 0, 0, 0, 0, 1, 0, 0, 0, 0, 0, 0, 0, 0, 0, 0, 2, 4, 2]"
2020-11-10 19:06:35,8800000000000,tester,m,40,165,72,-0.844,0.051,-0.533,26.916,17.354,40.96,"[0, 0, 0, 0, 0, 0, 0, 0, 0, 0, 0, 0, 0, 0, 1, 0, 0, 2, 3, 1, 49, 1, 0, 1, 1, 1, 0, 0, 0, 1, 158, 0, 0, 1, 0, 0, 0, 1, 0, 0, 0, 2, 0, 1, 2, 2, 1, 1, 0, 0, 0, 1, 2, 0, 0, 0, 6, 0, 0, 0, 0, 0, 0, 1, 0, 0, 2, 0, 0, 0, 0, 1, 1, 0, 1, 16, 0, 0, 1, 1, 0, 0, 0, 0, 1, 0, 0, 0, 0, 1, 0, 0, 0, 0, 1, 0, 0, 1, 0, 2, 0, 2, 3, 0, 1, 2, 0, 2, 1, 0, 0, 0, 0, 1, 0, 0, 0, 0, 0, 1, 0, 0, 1, 1, 0, 0, 1, 0, 1, 0, 0, 3, 1, 0, 1, 0, 0, 0, 0, 0, 0, 0, 3, 0, 0, 1, 0, 0, 0, 0, 0, 0, 0, 0, 0, 0, 0, 0, 0, 0]"
2020-11-10 19:06:36,8800000000000,tester,m,40,165,72,-0.844,0.052,-0.533,26.884,17.435,40.96,"[0, 0, 2, 0, 6, 0, 0, 2, 2, 0, 0, 1, 0, 0, 0, 2, 0, 0, 1, 0, 0, 0, 1, 0, 1, 0, 0, 0, 0, 0, 0, 0, 2, 0, 0, 2, 2, 0, 0, 0, 0, 2, 0, 0, 3, 1, 0, 0, 0, 0, 9, 0, 0, 0, 0, 0, 2, 1, 0, 0, 0, 0, 1, 0, 1, 1, 0, 0, 1, 0, 4, 1, 1, 1, 1, 0, 0, 0, 0, 0, 0, 0, 0, 0, 0, 0, 0, 5, 1, 0, 0, 0, 0, 0, 0, 0, 0, 2, 0, 0, 0, 0, 0, 0, 0, 0, 0, 0, 0, 0, 0, 0, 1, 0, 0, 0, 4, 0, 2, 0, 1, 3, 0, 0, 1, 1, 1, 0, 0, 1, 0, 2, 0, 0, 0, 3, 0, 0, 0, 1, 0, 1, 0, 0, 1, 0, 0, 0, 1, 0, 0, 1, 1, 1, 0, 0, 0, 0, 0, 0]"
2020-11-10 19:06:37,8800000000000,tester,m,40,165,72,-0.844,0.051,-0.533,26.892,17.599,40.96,"[0, 0, 0, 1, 0, 1, 0, 0, 1, 1, 0, 0, 0, 0, 0, 0, 0, 0, 0, 0, 0, 0, 0, 0, 2, 0, 0, 0, 0, 0, 0, 0, 0, 0, 1, 0, 0, 0, 0, 0, 0, 0, 0, 1, 0, 0, 0, 2, 0, 0, 0, 0, 0, 1, 0, 2, 1, 2, 3, 0, 0, 1, 2, 0, 3, 0, 0, 1, 0, 1, 6, 0, 0, 0, 2, 1, 1, 0, 0, 0, 0, 0, 1, 0, 0, 0, 1, 1, 0, 1, 0, 1, 1, 0, 2, 0, 0, 0, 0, 0, 0, 0, 0, 0, 2, 0, 0, 0, 0, 0, 0, 2, 2, 0, 0, 0, 1, 0, 3, 0, 0, 0, 0, 0, 0, 0, 0, 0, 0, 0, 0, 0, 1, 0, 0, 3, 0, 3, 1, 0, 1, 4, 0, 1, 2, 1, 1, 0, 3, 0, 0, 0, 0, 0, 2, 0, 1, 0, 1, 0]"
2020-11-10 19:06:38,8800000000000,tester,m,40,165,72,-0.844,0.051,-0.533,26.892,17.729,20.48,"[2, 4, 0, 1, 1, 0, 1, 1, 1, 2, 0, 0, 0, 1, 0, 0, 2, 1, 1, 1, 1, 1, 1, 0, 0, 1, 0, 1, 2, 0, 0, 1, 1, 0, 0, 0, 0, 0, 0, 0, 0, 0, 0, 0, 0, 1, 2, 1, 0, 0, 2, 1, 0, 0, 2, 1, 0, 0, 0, 0, 0, 0, 1, 0, 1, 0, 0, 0, 0, 0, 0, 0, 2, 0, 1, 4, 1, 2, 2, 0, 2, 5, 2, 2, 1, 8, 2, 0, 0, 0, 0, 0, 1, 0, 0, 1, 1, 0, 2, 0, 0, 1, 0, 1, 0, 0, 0, 1, 2, 1, 0, 0, 0, 0, 0, 0, 1, 0, 0, 0, 0, 0, 0, 0, 0, 0, 2, 0, 0, 0, 0, 0, 0, 0, 0, 1, 0, 0, 0, 0, 0, 0, 0, 0, 2, 0, 0, 0, 0, 1, 0, 0, 0, 0, 1, 0, 0, 3, 2, 1]"
2020-11-10 19:06:39,8800000000000,tester,m,40,165,72,-0.844,0.052,-0.533,26.873,17.7,40.96,"[0, 0, 0, 0, 0, 0, 2, 0, 2, 0, 1, 1, 2, 1, 1, 3, 2, 0, 2, 2, 2, 0, 1, 20, 0, 2, 11, 0, 0, 0, 6, 0, 0, 1, 1, 0, 0, 0, 0, 0, 0, 0, 2, 0, 0, 0, 1, 0, 2, 0, 5, 0, 0, 0, 0, 0, 0, 0, 1, 0, 0, 0, 0, 0, 3, 0, 0, 0, 0, 0, 0, 1, 1, 0, 1, 0, 0, 0, 0, 0, 0, 0, 0, 0, 1, 0, 0, 0, 0, 0, 0, 2, 2, 2, 2, 1, 1, 2, 0, 1, 1, 2, 0, 0, 0, 0, 0, 0, 2, 1, 0, 3, 2, 0, 0, 0, 0, 2, 0, 1, 0, 1, 0, 0, 2, 1, 0, 1, 0, 0, 0, 0, 0, 0, 0, 0, 0, 0, 0, 0, 0, 0, 0, 0, 0, 1, 0, 1, 0, 0, 0, 1, 3, 0, 0, 0, 0, 1, 1, 0]"
2020-11-10 19:06:40,8800000000000,tester,m,40,165,72,-0.844,0.052,-0.518,26.876,17.743,20.48,"[0, 0, 0, 1, 0, 0, 1, 0, 1, 0, 0, 0, 0, 0, 0, 0, 2, 1, 0, 0, 0, 0, 1, 0, 1, 0, 0, 0, 0, 3, 3, 1, 4, 1, 1, 2, 0, 0, 1, 1, 0, 1, 1, 2, 2, 1, 2, 0, 1, 0, 0, 0, 3, 0, 0, 3, 0, 0, 1, 0, 0, 1, 4, 1, 0, 0, 0, 1, 0, 0, 0, 0, 0, 1, 0, 0, 0, 2, 0, 1, 0, 0, 2, 0, 0, 0, 0, 1, 0, 0, 0, 2, 1, 0, 2, 1, 0, 0, 1, 0, 0, 0, 0, 0, 2, 0, 0, 0, 0, 0, 0, 0, 1, 0, 0, 0, 0, 4, 2, 1, 0, 0, 0, 0, 0, 0, 0, 3, 1, 0, 1, 1, 3, 0, 0, 0, 2, 0, 1, 0, 0, 0, 0, 1, 0, 0, 0, 0, 0, 1, 0, 0, 0, 0, 0, 0, 1, 0, 1, 0]"
2020-11-10 19:06:41,8800000000000,tester,m,40,165,72,-0.844,0.051,-0.533,26.932,17.816,20.48,"[300, 2, 1, 0, 1, 0, 0, 0, 0, 0, 0, 0, 0, 0, 1, 1, 0, 0, 0, 0, 0, 0, 0, 1, 0, 0, 2, 1, 0, 0, 0, 1, 0, 0, 64, 0, 1, 1, 0, 0, 0, 1, 0, 0, 1, 0, 2, 2, 2, 2, 11, 1, 4, 2, 0, 0, 0, 0, 2, 2, 1, 0, 0, 0, 0, 2, 0, 0, 2, 0, 6, 1, 0, 1, 3, 0, 0, 1, 0, 0, 0, 1, 1, 1, 0, 2, 0, 0, 0, 0, 0, 0, 4, 0, 1, 0, 0, 0, 0, 0, 0, 0, 0, 0, 0, 0, 0, 1, 1, 0, 0, 0, 0, 0, 0, 0, 0, 0, 0, 0, 0, 0, 0, 0, 0, 0, 1, 0, 2, 47, 0, 0, 2, 1, 1, 0, 1, 3, 0, 0, 0, 0, 0, 0, 1, 0, 0, 1, 0, 1, 0, 1, 2, 0, 0, 0, 0, 1, 1, 0]"
